170,05	-0,5906
170,15	-0,5905
170,25	-0,5904
170,35	-0,5902
170,45	-0,5901
170,55	-0,5900
170,65	-0,5898
170,75	-0,5897
170,85	-0,5896
170,95	-0,5895
171,05	-0,5894
171,15	-0,5893
171,25	-0,5891
171,35	-0,5890
171,45	-0,5888
171,55	-0,5888
171,65	-0,5888
171,75	-0,5886
171,85	-0,5884
171,95	-0,5882
172,05	-0,5882
172,15	-0,5880
172,25	-0,5879
172,35	-0,5877
172,45	-0,5876
172,55	-0,5875
172,65	-0,5873
172,75	-0,5871
172,85	-0,5871
172,95	-0,5870
173,05	-0,5868
173,15	-0,5866
173,25	-0,5865
173,35	-0,5865
173,45	-0,5864
173,55	-0,5863
173,65	-0,5863
173,75	-0,5862
173,85	-0,5860
173,95	-0,5859
174,05	-0,5858
174,15	-0,5857
174,25	-0,5855
174,35	-0,5854
174,45	-0,5853
174,55	-0,5852
174,65	-0,5851
174,75	-0,5850
174,85	-0,5849
174,95	-0,5848
175,05	-0,5847
175,15	-0,5846
175,25	-0,5846
175,35	-0,5845
175,45	-0,5844
175,55	-0,5844
175,65	-0,5842
175,75	-0,5841
175,85	-0,5840
175,95	-0,5839
176,05	-0,5838
176,15	-0,5838
176,25	-0,5836
176,35	-0,5835
176,45	-0,5834
176,55	-0,5833
176,65	-0,5833
176,75	-0,5831
176,85	-0,5831
176,95	-0,5830
177,05	-0,5829
177,15	-0,5827
177,25	-0,5827
177,35	-0,5826
177,45	-0,5825
177,55	-0,5824
177,65	-0,5823
177,75	-0,5821
177,85	-0,5820
177,95	-0,5820
178,05	-0,5819
178,15	-0,5817
178,25	-0,5816
178,35	-0,5815
178,45	-0,5813
178,55	-0,5812
178,65	-0,5811
178,75	-0,5810
178,85	-0,5809
178,95	-0,5807
179,05	-0,5806
179,15	-0,5805
179,25	-0,5803
179,35	-0,5802
179,45	-0,5801
179,55	-0,5799
179,65	-0,5798
179,75	-0,5798
179,85	-0,5796
179,95	-0,5795
180,05	-0,5794
180,15	-0,5793
180,25	-0,5792
180,35	-0,5791
180,45	-0,5791
180,55	-0,5790
180,65	-0,5788
180,75	-0,5786
180,85	-0,5785
180,95	-0,5784
181,05	-0,5782
181,15	-0,5781
181,25	-0,5780
181,35	-0,5778
181,45	-0,5777
181,55	-0,5775
181,65	-0,5774
181,75	-0,5772
181,85	-0,5771
181,95	-0,5770
182,05	-0,5769
182,15	-0,5768
182,25	-0,5766
182,35	-0,5765
182,45	-0,5763
182,55	-0,5762
182,65	-0,5761
182,75	-0,5759
182,85	-0,5757
182,95	-0,5755
183,05	-0,5753
183,15	-0,5751
183,25	-0,5750
183,35	-0,5748
183,45	-0,5746
183,55	-0,5745
183,65	-0,5743
183,75	-0,5741
183,85	-0,5740
183,95	-0,5739
184,05	-0,5737
184,15	-0,5736
184,25	-0,5734
184,35	-0,5733
184,45	-0,5732
184,55	-0,5731
184,65	-0,5730
184,75	-0,5729
184,85	-0,5727
184,95	-0,5726
185,05	-0,5724
185,15	-0,5723
185,25	-0,5722
185,35	-0,5721
185,45	-0,5719
185,55	-0,5717
185,65	-0,5716
185,75	-0,5714
185,85	-0,5712
185,95	-0,5711
186,05	-0,5709
186,15	-0,5707
186,25	-0,5706
186,35	-0,5705
186,45	-0,5703
186,55	-0,5702
186,65	-0,5700
186,75	-0,5698
186,85	-0,5697
186,95	-0,5695
187,05	-0,5693
187,15	-0,5692
187,25	-0,5690
187,35	-0,5688
187,45	-0,5687
187,55	-0,5685
187,65	-0,5683
187,75	-0,5682
187,85	-0,5681
187,95	-0,5680
188,05	-0,5678
188,15	-0,5676
188,25	-0,5675
188,35	-0,5674
188,45	-0,5673
188,55	-0,5672
188,65	-0,5671
188,75	-0,5669
188,85	-0,5668
188,95	-0,5666
189,05	-0,5665
189,15	-0,5664
189,25	-0,5662
189,35	-0,5661
189,45	-0,5660
189,55	-0,5659
189,65	-0,5657
189,75	-0,5655
189,85	-0,5654
189,95	-0,5653
190,05	-0,5651
190,15	-0,5650
190,25	-0,5648
190,35	-0,5646
190,45	-0,5645
190,55	-0,5644
190,65	-0,5642
190,75	-0,5641
190,85	-0,5639
190,95	-0,5637
191,05	-0,5636
191,15	-0,5635
191,25	-0,5633
191,35	-0,5632
191,45	-0,5631
191,55	-0,5629
191,65	-0,5628
191,75	-0,5627
191,85	-0,5626
191,95	-0,5626
192,05	-0,5625
192,15	-0,5624
192,25	-0,5622
192,35	-0,5621
192,45	-0,5621
192,55	-0,5620
192,65	-0,5618
192,75	-0,5618
192,85	-0,5617
192,95	-0,5616
193,05	-0,5615
193,15	-0,5614
193,25	-0,5614
193,35	-0,5612
193,45	-0,5611
193,55	-0,5612
193,65	-0,5611
193,75	-0,5610
193,85	-0,5609
193,95	-0,5609
194,05	-0,5609
194,15	-0,5609
194,25	-0,5609
194,35	-0,5609
194,45	-0,5608
194,55	-0,5608
194,65	-0,5608
194,75	-0,5609
194,85	-0,5609
194,95	-0,5609
195,05	-0,5609
195,15	-0,5609
195,25	-0,5610
195,35	-0,5611
195,45	-0,5611
195,55	-0,5611
195,65	-0,5611
195,75	-0,5612
195,85	-0,5612
195,95	-0,5612
196,05	-0,5612
196,15	-0,5612
196,25	-0,5612
196,35	-0,5611
196,45	-0,5612
196,55	-0,5612
196,65	-0,5612
196,75	-0,5613
196,85	-0,5613
196,95	-0,5613
197,05	-0,5613
197,15	-0,5614
197,25	-0,5614
197,35	-0,5614
197,45	-0,5614
197,55	-0,5614
197,65	-0,5614
197,75	-0,5614
197,85	-0,5615
197,95	-0,5615
198,05	-0,5615
198,15	-0,5615
198,25	-0,5615
198,35	-0,5615
198,45	-0,5615
198,55	-0,5615
198,65	-0,5615
198,75	-0,5615
198,85	-0,5615
198,95	-0,5615
199,05	-0,5614
199,15	-0,5613
199,25	-0,5614
199,35	-0,5613
199,45	-0,5613
199,55	-0,5613
199,65	-0,5612
199,75	-0,5613
199,85	-0,5613
199,95	-0,5613
200,05	-0,5613
200,15	-0,5613
200,25	-0,5614
200,35	-0,5614
200,45	-0,5615
200,55	-0,5616
200,65	-0,5616
200,75	-0,5616
200,85	-0,5616
200,95	-0,5617
201,05	-0,5619
201,15	-0,5620
201,25	-0,5620
201,35	-0,5621
201,45	-0,5622
201,55	-0,5622
201,65	-0,5623
201,75	-0,5624
201,85	-0,5625
201,95	-0,5626
202,05	-0,5627
202,15	-0,5627
202,25	-0,5628
202,35	-0,5629
202,45	-0,5629
202,55	-0,5631
202,65	-0,5632
202,75	-0,5633
202,85	-0,5633
202,95	-0,5634
203,05	-0,5634
203,15	-0,5635
203,25	-0,5636
203,35	-0,5637
203,45	-0,5638
203,56	-0,5640
203,66	-0,5641
203,76	-0,5641
203,85	-0,5642
203,95	-0,5643
204,05	-0,5644
204,16	-0,5646
204,25	-0,5646
204,35	-0,5647
204,46	-0,5647
204,55	-0,5648
204,65	-0,5649
204,75	-0,5649
204,85	-0,5649
204,95	-0,5650
205,05	-0,5651
205,15	-0,5651
205,25	-0,5652
205,35	-0,5652
205,45	-0,5652
205,55	-0,5653
205,65	-0,5653
205,75	-0,5654
205,85	-0,5654
205,95	-0,5655
206,05	-0,5656
206,15	-0,5656
206,25	-0,5657
206,35	-0,5658
206,45	-0,5659
206,56	-0,5659
206,65	-0,5659
206,75	-0,5660
206,85	-0,5660
206,95	-0,5660
207,05	-0,5661
207,15	-0,5662
207,26	-0,5663
207,35	-0,5663
207,45	-0,5663
207,55	-0,5663
207,65	-0,5664
207,76	-0,5665
207,85	-0,5665
207,95	-0,5665
208,06	-0,5666
208,16	-0,5667
208,25	-0,5667
208,35	-0,5667
208,45	-0,5667
208,55	-0,5668
208,66	-0,5668
208,75	-0,5669
208,85	-0,5668
208,95	-0,5669
209,06	-0,5669
209,15	-0,5669
209,25	-0,5669
209,35	-0,5670
209,45	-0,5670
209,55	-0,5670
209,65	-0,5671
209,75	-0,5671
209,85	-0,5672
209,95	-0,5672
210,05	-0,5672
210,15	-0,5672
210,25	-0,5672
210,35	-0,5672
210,45	-0,5673
210,55	-0,5673
210,65	-0,5673
210,75	-0,5674
210,85	-0,5675
210,95	-0,5676
211,05	-0,5676
211,16	-0,5676
211,26	-0,5677
211,35	-0,5677
211,45	-0,5679
211,56	-0,5680
211,66	-0,5682
211,76	-0,5682
211,86	-0,5682
211,96	-0,5683
212,06	-0,5684
212,16	-0,5686
212,25	-0,5686
212,36	-0,5687
212,45	-0,5688
212,56	-0,5689
212,65	-0,5689
212,76	-0,5690
212,85	-0,5690
212,96	-0,5691
213,05	-0,5692
213,15	-0,5693
213,25	-0,5693
213,35	-0,5693
213,45	-0,5694
213,55	-0,5695
213,65	-0,5695
213,75	-0,5695
213,85	-0,5696
213,95	-0,5696
214,05	-0,5696
214,15	-0,5697
214,25	-0,5698
214,35	-0,5699
214,45	-0,5699
214,55	-0,5700
214,65	-0,5701
214,75	-0,5701
214,85	-0,5702
214,95	-0,5702
215,05	-0,5703
215,15	-0,5705
215,25	-0,5706
215,35	-0,5708
215,45	-0,5709
215,55	-0,5709
215,65	-0,5710
215,75	-0,5711
215,85	-0,5713
215,96	-0,5714
216,06	-0,5714
216,15	-0,5715
216,25	-0,5716
216,35	-0,5717
216,45	-0,5719
216,55	-0,5720
216,65	-0,5721
216,75	-0,5722
216,85	-0,5723
216,95	-0,5725
217,05	-0,5726
217,15	-0,5727
217,25	-0,5729
217,35	-0,5730
217,45	-0,5732
217,55	-0,5734
217,65	-0,5735
217,75	-0,5737
217,85	-0,5739
217,96	-0,5740
218,05	-0,5742
218,15	-0,5744
218,25	-0,5745
218,35	-0,5747
218,45	-0,5749
218,55	-0,5750
218,65	-0,5751
218,75	-0,5752
218,85	-0,5753
218,95	-0,5754
219,05	-0,5755
219,15	-0,5756
219,25	-0,5758
219,35	-0,5760
219,45	-0,5761
219,55	-0,5763
219,65	-0,5765
219,75	-0,5766
219,85	-0,5768
219,95	-0,5769
220,05	-0,5770
220,15	-0,5772
220,25	-0,5773
220,35	-0,5775
220,45	-0,5776
220,55	-0,5777
220,65	-0,5779
220,75	-0,5780
220,85	-0,5781
220,95	-0,5782
221,05	-0,5784
221,15	-0,5785
221,25	-0,5786
221,35	-0,5788
221,45	-0,5790
221,55	-0,5791
221,65	-0,5792
221,75	-0,5794
221,85	-0,5795
221,95	-0,5797
222,05	-0,5798
222,15	-0,5800
222,25	-0,5801
222,35	-0,5803
222,45	-0,5804
222,55	-0,5805
222,65	-0,5807
222,75	-0,5809
222,85	-0,5811
222,95	-0,5812
223,05	-0,5813
223,15	-0,5815
223,25	-0,5817
223,35	-0,5818
223,45	-0,5819
223,55	-0,5821
223,65	-0,5822
223,75	-0,5824
223,85	-0,5826
223,95	-0,5827
224,05	-0,5829
224,15	-0,5831
224,25	-0,5832
224,35	-0,5834
224,45	-0,5836
224,55	-0,5837
224,65	-0,5839
224,75	-0,5840
224,85	-0,5842
224,95	-0,5844
225,05	-0,5845
225,15	-0,5847
225,25	-0,5849
225,35	-0,5850
225,45	-0,5852
225,55	-0,5852
225,65	-0,5854
225,75	-0,5856
225,85	-0,5859
225,95	-0,5860
226,05	-0,5861
226,15	-0,5863
226,25	-0,5864
226,35	-0,5866
226,45	-0,5868
226,55	-0,5869
226,65	-0,5871
226,75	-0,5873
226,85	-0,5874
226,95	-0,5876
227,05	-0,5877
227,15	-0,5878
227,25	-0,5880
227,35	-0,5882
227,45	-0,5884
227,55	-0,5885
227,65	-0,5886
227,75	-0,5886
227,85	-0,5888
227,95	-0,5888
228,05	-0,5890
228,15	-0,5891
228,25	-0,5891
228,35	-0,5892
228,45	-0,5893
228,55	-0,5893
228,65	-0,5893
228,75	-0,5894
228,85	-0,5894
228,95	-0,5894
229,05	-0,5894
229,15	-0,5894
229,25	-0,5894
229,35	-0,5893
229,45	-0,5893
229,55	-0,5893
229,65	-0,5892
229,75	-0,5890
229,85	-0,5890
229,95	-0,5889
230,05	-0,5888
230,15	-0,5887
230,25	-0,5885
230,35	-0,5884
230,45	-0,5882
230,55	-0,5881
230,65	-0,5879
230,75	-0,5876
230,85	-0,5874
230,95	-0,5871
231,05	-0,5869
231,15	-0,5867
231,25	-0,5865
231,35	-0,5863
231,45	-0,5860
231,55	-0,5857
231,65	-0,5854
231,75	-0,5851
231,85	-0,5849
231,95	-0,5846
232,05	-0,5844
232,15	-0,5841
232,25	-0,5838
232,35	-0,5835
232,45	-0,5832
232,55	-0,5829
232,65	-0,5825
232,75	-0,5822
232,85	-0,5819
232,95	-0,5816
233,05	-0,5813
233,15	-0,5809
233,25	-0,5805
233,35	-0,5801
233,45	-0,5798
233,55	-0,5794
233,65	-0,5790
233,75	-0,5787
233,85	-0,5783
233,95	-0,5779
234,05	-0,5775
234,15	-0,5772
234,25	-0,5768
234,35	-0,5764
234,45	-0,5760
234,55	-0,5755
234,65	-0,5752
234,75	-0,5748
234,85	-0,5744
234,95	-0,5740
235,05	-0,5736
235,15	-0,5732
235,25	-0,5728
235,35	-0,5725
235,45	-0,5721
235,56	-0,5718
235,65	-0,5713
235,75	-0,5710
235,85	-0,5706
235,95	-0,5703
236,05	-0,5700
236,15	-0,5696
236,25	-0,5693
236,35	-0,5690
236,46	-0,5687
236,55	-0,5682
236,66	-0,5679
236,75	-0,5676
236,85	-0,5673
236,95	-0,5669
237,05	-0,5665
237,15	-0,5662
237,25	-0,5658
237,35	-0,5654
237,46	-0,5651
237,55	-0,5648
237,65	-0,5645
237,76	-0,5642
237,86	-0,5639
237,96	-0,5636
238,06	-0,5632
238,16	-0,5629
238,26	-0,5626
238,36	-0,5623
238,46	-0,5620
238,55	-0,5616
238,66	-0,5613
238,76	-0,5610
238,86	-0,5607
238,96	-0,5604
239,06	-0,5601
239,16	-0,5598
239,26	-0,5595
239,36	-0,5593
239,46	-0,5590
239,56	-0,5588
239,66	-0,5585
239,76	-0,5582
239,86	-0,5578
239,95	-0,5576
240,05	-0,5574
240,16	-0,5571
240,26	-0,5568
240,36	-0,5566
240,46	-0,5562
240,56	-0,5559
240,66	-0,5556
240,76	-0,5554
240,86	-0,5551
240,96	-0,5548
241,05	-0,5545
241,16	-0,5542
241,25	-0,5539
241,36	-0,5536
241,45	-0,5532
241,56	-0,5530
241,66	-0,5527
241,76	-0,5524
241,86	-0,5521
241,95	-0,5518
242,06	-0,5516
242,16	-0,5514
242,26	-0,5512
242,36	-0,5509
242,45	-0,5506
242,56	-0,5504
242,66	-0,5501
242,76	-0,5499
242,86	-0,5496
242,96	-0,5494
243,06	-0,5492
243,16	-0,5490
243,25	-0,5487
243,36	-0,5484
243,45	-0,5482
243,56	-0,5479
243,65	-0,5476
243,76	-0,5473
243,85	-0,5471
243,95	-0,5468
244,05	-0,5465
244,16	-0,5463
244,25	-0,5460
244,35	-0,5457
244,45	-0,5454
244,55	-0,5451
244,65	-0,5448
244,75	-0,5447
244,85	-0,5444
244,96	-0,5442
245,06	-0,5440
245,15	-0,5437
245,25	-0,5434
245,35	-0,5432
245,45	-0,5430
245,55	-0,5427
245,65	-0,5425
245,75	-0,5423
245,85	-0,5421
245,95	-0,5418
246,05	-0,5416
246,16	-0,5415
246,25	-0,5413
246,35	-0,5411
246,45	-0,5409
246,55	-0,5407
246,65	-0,5406
246,75	-0,5405
246,86	-0,5403
246,96	-0,5401
247,06	-0,5400
247,16	-0,5399
247,26	-0,5398
247,36	-0,5397
247,46	-0,5396
247,56	-0,5395
247,66	-0,5393
247,76	-0,5392
247,86	-0,5391
247,96	-0,5391
248,06	-0,5390
248,16	-0,5389
248,26	-0,5388
248,36	-0,5387
248,46	-0,5386
248,56	-0,5385
248,66	-0,5384
248,76	-0,5383
248,86	-0,5382
248,96	-0,5381
249,06	-0,5380
249,16	-0,5379
249,26	-0,5379
249,36	-0,5378
249,46	-0,5378
249,56	-0,5377
249,66	-0,5376
249,76	-0,5376
249,86	-0,5376
249,96	-0,5375
250,06	-0,5375
250,16	-0,5375
250,26	-0,5374
250,36	-0,5374
250,46	-0,5374
250,56	-0,5373
250,66	-0,5373
250,76	-0,5373
250,86	-0,5373
250,96	-0,5373
251,06	-0,5373
251,16	-0,5372
251,26	-0,5371
251,36	-0,5371
251,46	-0,5371
251,56	-0,5370
251,66	-0,5370
251,76	-0,5369
251,86	-0,5369
251,96	-0,5368
252,06	-0,5368
252,16	-0,5368
252,26	-0,5367
252,36	-0,5367
252,46	-0,5366
252,56	-0,5366
252,66	-0,5366
252,76	-0,5365
252,86	-0,5365
252,96	-0,5365
253,06	-0,5365
253,16	-0,5365
253,26	-0,5365
253,36	-0,5364
253,46	-0,5363
253,56	-0,5363
253,66	-0,5363
253,76	-0,5362
253,86	-0,5361
253,96	-0,5361
254,06	-0,5361
254,16	-0,5361
254,26	-0,5360
254,36	-0,5359
254,46	-0,5359
254,56	-0,5358
254,66	-0,5358
254,76	-0,5358
254,86	-0,5357
254,96	-0,5356
255,06	-0,5356
255,16	-0,5355
255,26	-0,5355
255,36	-0,5355
255,46	-0,5354
255,56	-0,5354
255,66	-0,5353
255,76	-0,5353
255,86	-0,5353
255,96	-0,5352
256,06	-0,5352
256,16	-0,5351
256,26	-0,5350
256,36	-0,5350
256,46	-0,5349
256,56	-0,5348
256,66	-0,5348
256,76	-0,5347
256,86	-0,5347
256,96	-0,5347
257,06	-0,5345
257,16	-0,5345
257,26	-0,5345
257,36	-0,5344
257,46	-0,5344
257,56	-0,5344
257,66	-0,5343
257,76	-0,5343
257,86	-0,5342
257,96	-0,5342
258,06	-0,5341
258,16	-0,5341
258,26	-0,5340
258,36	-0,5339
258,46	-0,5338
258,56	-0,5338
258,66	-0,5338
258,76	-0,5337
258,86	-0,5337
258,96	-0,5337
259,06	-0,5336
259,16	-0,5336
259,26	-0,5335
259,36	-0,5334
259,46	-0,5334
259,56	-0,5334
259,66	-0,5333
259,76	-0,5333
259,85	-0,5332
259,96	-0,5332
260,06	-0,5332
260,16	-0,5332
260,25	-0,5331
260,36	-0,5330
260,46	-0,5330
260,56	-0,5330
260,66	-0,5329
260,76	-0,5329
260,86	-0,5329
260,95	-0,5329
261,06	-0,5329
261,16	-0,5329
261,26	-0,5327
261,36	-0,5327
261,46	-0,5327
261,56	-0,5326
261,66	-0,5326
261,76	-0,5326
261,85	-0,5325
261,95	-0,5324
262,06	-0,5324
262,15	-0,5324
262,25	-0,5323
262,36	-0,5323
262,46	-0,5323
262,56	-0,5322
262,65	-0,5322
262,75	-0,5322
262,86	-0,5321
262,96	-0,5321
263,06	-0,5321
263,16	-0,5320
263,26	-0,5320
263,36	-0,5320
263,46	-0,5320
263,56	-0,5319
263,66	-0,5319
263,76	-0,5319
263,86	-0,5318
263,95	-0,5318
264,05	-0,5318
264,16	-0,5317
264,25	-0,5317
264,36	-0,5317
264,46	-0,5317
264,55	-0,5316
264,65	-0,5316
264,75	-0,5316
264,85	-0,5316
264,95	-0,5316
265,05	-0,5317
265,15	-0,5317
265,25	-0,5317
265,36	-0,5318
265,46	-0,5319
265,56	-0,5320
265,66	-0,5320
265,75	-0,5321
265,85	-0,5322
265,96	-0,5323
266,06	-0,5324
266,15	-0,5325
266,25	-0,5325
266,35	-0,5326
266,45	-0,5327
266,55	-0,5328
266,66	-0,5328
266,75	-0,5329
266,86	-0,5329
266,95	-0,5330
267,05	-0,5331
267,15	-0,5332
267,25	-0,5333
267,35	-0,5333
267,46	-0,5334
267,55	-0,5335
267,65	-0,5336
267,75	-0,5337
267,85	-0,5338
267,95	-0,5338
268,05	-0,5339
268,15	-0,5339
268,25	-0,5340
268,35	-0,5340
268,45	-0,5340
268,55	-0,5342
268,65	-0,5342
268,75	-0,5342
268,85	-0,5342
268,95	-0,5343
269,05	-0,5344
269,15	-0,5344
269,25	-0,5345
269,35	-0,5345
269,45	-0,5346
269,55	-0,5346
269,65	-0,5347
269,75	-0,5347
269,85	-0,5348
269,95	-0,5349
270,05	-0,5349
270,15	-0,5350
270,25	-0,5351
270,35	-0,5350
270,45	-0,5351
270,55	-0,5351
270,65	-0,5352
270,75	-0,5352
270,85	-0,5353
270,95	-0,5353
271,05	-0,5354
271,15	-0,5354
271,25	-0,5354
271,35	-0,5355
271,45	-0,5356
271,55	-0,5356
271,65	-0,5357
271,75	-0,5358
271,85	-0,5357
271,95	-0,5358
272,05	-0,5358
272,15	-0,5359
272,25	-0,5360
272,35	-0,5361
272,45	-0,5362
272,55	-0,5363
272,65	-0,5363
272,75	-0,5365
272,85	-0,5366
272,95	-0,5366
273,05	-0,5368
273,15	-0,5369
273,25	-0,5370
273,35	-0,5371
273,45	-0,5372
273,55	-0,5373
273,65	-0,5374
273,75	-0,5375
273,85	-0,5376
273,95	-0,5378
274,05	-0,5380
274,15	-0,5381
274,25	-0,5382
274,35	-0,5384
274,45	-0,5386
274,55	-0,5388
274,65	-0,5389
274,75	-0,5390
274,85	-0,5392
274,95	-0,5394
275,05	-0,5395
275,15	-0,5397
275,25	-0,5399
275,35	-0,5401
275,45	-0,5402
275,55	-0,5405
275,65	-0,5406
275,75	-0,5407
275,85	-0,5409
275,95	-0,5410
276,05	-0,5411
276,15	-0,5413
276,25	-0,5414
276,35	-0,5415
276,45	-0,5417
276,55	-0,5418
276,65	-0,5419
276,75	-0,5421
276,85	-0,5423
276,95	-0,5424
277,05	-0,5425
277,15	-0,5427
277,25	-0,5429
277,35	-0,5430
277,45	-0,5432
277,55	-0,5433
277,65	-0,5434
277,75	-0,5435
277,85	-0,5436
277,95	-0,5438
278,05	-0,5439
278,15	-0,5441
278,25	-0,5442
278,35	-0,5443
278,45	-0,5445
278,55	-0,5447
278,65	-0,5448
278,75	-0,5450
278,85	-0,5452
278,95	-0,5453
279,05	-0,5455
279,15	-0,5456
279,25	-0,5457
279,35	-0,5459
279,45	-0,5460
279,55	-0,5462
279,65	-0,5463
279,75	-0,5465
279,85	-0,5466
279,95	-0,5467
280,05	-0,5469
280,15	-0,5471
280,25	-0,5472
280,35	-0,5474
280,45	-0,5476
280,55	-0,5477
280,65	-0,5479
280,75	-0,5480
280,85	-0,5481
280,95	-0,5482
281,05	-0,5484
281,15	-0,5485
281,25	-0,5487
281,35	-0,5489
281,45	-0,5490
281,55	-0,5491
281,65	-0,5492
281,75	-0,5494
281,85	-0,5495
281,95	-0,5496
282,05	-0,5497
282,15	-0,5499
282,25	-0,5499
282,35	-0,5500
282,45	-0,5501
282,55	-0,5501
282,65	-0,5501
282,75	-0,5502
282,85	-0,5503
282,95	-0,5503
283,05	-0,5503
283,15	-0,5504
283,25	-0,5504
283,35	-0,5505
283,45	-0,5505
283,55	-0,5505
283,65	-0,5505
283,75	-0,5505
283,85	-0,5505
283,95	-0,5505
284,05	-0,5505
284,15	-0,5505
284,25	-0,5505
284,35	-0,5505
284,45	-0,5505
284,55	-0,5505
284,65	-0,5505
284,75	-0,5505
284,85	-0,5505
284,95	-0,5505
285,05	-0,5505
285,15	-0,5505
285,25	-0,5505
285,35	-0,5505
285,45	-0,5505
285,55	-0,5505
285,65	-0,5504
285,75	-0,5504
285,85	-0,5504
285,95	-0,5503
286,05	-0,5503
286,15	-0,5503
286,25	-0,5503
286,35	-0,5503
286,45	-0,5502
286,55	-0,5502
286,65	-0,5502
286,75	-0,5502
286,85	-0,5502
286,95	-0,5502
287,05	-0,5501
287,15	-0,5501
287,25	-0,5500
287,35	-0,5500
287,45	-0,5500
287,55	-0,5499
287,65	-0,5500
287,75	-0,5500
287,85	-0,5500
287,95	-0,5500
288,05	-0,5500
288,15	-0,5500
288,25	-0,5501
288,35	-0,5501
288,45	-0,5501
288,55	-0,5501
288,65	-0,5502
288,75	-0,5502
288,85	-0,5502
288,95	-0,5502
289,05	-0,5502
289,15	-0,5502
289,25	-0,5502
289,35	-0,5502
289,45	-0,5502
289,55	-0,5503
289,65	-0,5503
289,75	-0,5503
289,85	-0,5504
289,95	-0,5505
290,05	-0,5505
290,15	-0,5506
290,25	-0,5507
290,35	-0,5508
290,45	-0,5508
290,55	-0,5508
290,65	-0,5508
290,75	-0,5508
290,85	-0,5508
290,95	-0,5507
291,05	-0,5507
291,15	-0,5507
291,25	-0,5506
291,35	-0,5506
291,45	-0,5506
291,55	-0,5505
291,65	-0,5504
291,75	-0,5504
291,85	-0,5504
291,95	-0,5504
292,05	-0,5504
292,15	-0,5504
292,25	-0,5504
292,35	-0,5504
292,45	-0,5503
292,55	-0,5503
292,65	-0,5503
292,75	-0,5502
292,85	-0,5502
292,95	-0,5502
293,05	-0,5502
293,15	-0,5501
293,25	-0,5501
293,35	-0,5501
293,45	-0,5501
293,55	-0,5500
293,65	-0,5500
293,75	-0,5500
293,85	-0,5499
293,95	-0,5500
294,05	-0,5500
294,15	-0,5499
294,25	-0,5500
294,35	-0,5500
294,45	-0,5499
294,55	-0,5499
294,65	-0,5500
294,75	-0,5500
294,85	-0,5501
294,95	-0,5502
295,05	-0,5502
295,15	-0,5502
295,25	-0,5502
295,35	-0,5502
295,45	-0,5503
295,55	-0,5502
295,65	-0,5502
295,75	-0,5502
295,85	-0,5502
295,95	-0,5503
296,05	-0,5503
296,15	-0,5504
296,25	-0,5504
296,35	-0,5504
296,45	-0,5504
296,55	-0,5504
296,65	-0,5503
296,75	-0,5503
296,85	-0,5503
296,95	-0,5503
297,05	-0,5503
297,15	-0,5502
297,25	-0,5501
297,35	-0,5501
297,45	-0,5501
297,55	-0,5501
297,65	-0,5500
297,75	-0,5500
297,85	-0,5500
297,95	-0,5499
298,05	-0,5498
298,15	-0,5497
298,25	-0,5497
298,35	-0,5497
298,45	-0,5497
298,55	-0,5497
298,65	-0,5496
298,75	-0,5495
298,85	-0,5495
298,95	-0,5494
299,05	-0,5493
299,15	-0,5493
299,25	-0,5493
299,35	-0,5493
299,45	-0,5493
299,55	-0,5493
299,65	-0,5492
299,75	-0,5491
299,85	-0,5491
299,95	-0,5491
300,05	-0,5491
300,15	-0,5491
300,25	-0,5490
300,35	-0,5490
300,45	-0,5490
300,55	-0,5489
300,65	-0,5489
300,75	-0,5489
300,85	-0,5488
300,95	-0,5488
301,05	-0,5488
301,15	-0,5488
301,25	-0,5488
301,35	-0,5488
301,45	-0,5489
301,55	-0,5489
301,65	-0,5489
301,75	-0,5490
301,85	-0,5490
301,95	-0,5490
302,05	-0,5491
302,15	-0,5491
302,25	-0,5492
302,35	-0,5492
302,45	-0,5492
302,55	-0,5492
302,65	-0,5494
302,75	-0,5494
302,85	-0,5495
302,95	-0,5495
303,05	-0,5496
303,15	-0,5497
303,25	-0,5497
303,35	-0,5498
303,45	-0,5499
303,55	-0,5499
303,65	-0,5500
303,75	-0,5500
303,85	-0,5501
303,95	-0,5501
304,05	-0,5502
304,15	-0,5503
304,25	-0,5504
304,35	-0,5504
304,45	-0,5504
304,55	-0,5505
304,65	-0,5505
304,75	-0,5506
304,85	-0,5506
304,95	-0,5507
305,05	-0,5507
305,15	-0,5508
305,25	-0,5508
305,35	-0,5509
305,45	-0,5509
305,55	-0,5510
305,65	-0,5510
305,75	-0,5511
305,85	-0,5511
305,95	-0,5512
306,05	-0,5512
306,15	-0,5512
306,25	-0,5513
306,35	-0,5513
306,45	-0,5513
306,55	-0,5513
306,65	-0,5513
306,75	-0,5513
306,85	-0,5513
306,95	-0,5512
307,05	-0,5511
307,15	-0,5512
307,25	-0,5512
307,35	-0,5511
307,45	-0,5510
307,55	-0,5510
307,65	-0,5509
307,75	-0,5509
307,85	-0,5509
307,95	-0,5508
308,05	-0,5507
308,15	-0,5506
308,25	-0,5505
308,35	-0,5505
308,45	-0,5504
308,55	-0,5503
308,65	-0,5502
308,75	-0,5502
308,85	-0,5502
308,95	-0,5501
309,05	-0,5500
309,15	-0,5500
309,25	-0,5499
309,35	-0,5499
309,45	-0,5499
309,55	-0,5499
309,65	-0,5498
309,75	-0,5497
309,85	-0,5496
309,95	-0,5495
310,05	-0,5495
310,15	-0,5494
310,25	-0,5493
310,35	-0,5493
310,45	-0,5492
310,55	-0,5490
310,65	-0,5490
310,75	-0,5490
310,85	-0,5489
310,95	-0,5488
311,05	-0,5488
311,15	-0,5488
311,25	-0,5487
311,35	-0,5487
311,45	-0,5486
311,55	-0,5486
311,65	-0,5485
311,75	-0,5484
311,85	-0,5483
311,95	-0,5483
312,05	-0,5482
312,15	-0,5481
312,25	-0,5481
312,35	-0,5480
312,45	-0,5480
312,55	-0,5480
312,65	-0,5479
312,75	-0,5478
312,85	-0,5477
312,95	-0,5476
313,05	-0,5476
313,15	-0,5475
313,25	-0,5474
313,35	-0,5474
313,45	-0,5474
313,55	-0,5473
313,65	-0,5472
313,75	-0,5472
313,85	-0,5471
313,95	-0,5471
314,05	-0,5470
314,15	-0,5470
314,25	-0,5469
314,35	-0,5468
314,45	-0,5468
314,55	-0,5467
314,65	-0,5467
314,75	-0,5466
314,85	-0,5465
314,95	-0,5464
315,05	-0,5463
315,15	-0,5462
315,25	-0,5461
315,35	-0,5461
315,45	-0,5460
315,55	-0,5459
315,65	-0,5458
315,75	-0,5458
315,85	-0,5458
315,95	-0,5458
316,05	-0,5458
316,14	-0,5458
316,25	-0,5458
316,35	-0,5458
316,44	-0,5458
316,54	-0,5458
316,65	-0,5457
316,74	-0,5456
316,84	-0,5456
316,94	-0,5456
317,04	-0,5457
317,14	-0,5457
317,24	-0,5456
317,34	-0,5456
317,44	-0,5457
317,54	-0,5457
317,64	-0,5457
317,74	-0,5457
317,84	-0,5457
317,94	-0,5457
318,04	-0,5458
318,14	-0,5458
318,25	-0,5458
318,34	-0,5458
318,44	-0,5458
318,54	-0,5458
318,65	-0,5458
318,74	-0,5458
318,84	-0,5458
318,94	-0,5458
319,04	-0,5458
319,14	-0,5458
319,24	-0,5458
319,34	-0,5458
319,44	-0,5459
319,54	-0,5459
319,64	-0,5459
319,74	-0,5459
319,84	-0,5459
319,94	-0,5459
320,04	-0,5459
320,14	-0,5460
320,24	-0,5461
320,34	-0,5461
320,44	-0,5461
320,54	-0,5461
320,64	-0,5462
320,74	-0,5463
320,84	-0,5463
320,94	-0,5463
321,04	-0,5463
321,14	-0,5463
321,24	-0,5463
321,34	-0,5463
321,44	-0,5463
321,54	-0,5464
321,64	-0,5464
321,74	-0,5464
321,84	-0,5465
321,94	-0,5466
322,04	-0,5466
322,14	-0,5466
322,24	-0,5466
322,34	-0,5467
322,44	-0,5467
322,54	-0,5468
322,64	-0,5468
322,74	-0,5468
322,84	-0,5468
322,94	-0,5468
323,04	-0,5469
323,14	-0,5469
323,24	-0,5469
323,34	-0,5469
323,44	-0,5469
323,54	-0,5468
323,64	-0,5468
323,74	-0,5468
323,84	-0,5467
323,94	-0,5467
324,04	-0,5466
324,14	-0,5466
324,24	-0,5465
324,34	-0,5464
324,44	-0,5464
324,54	-0,5463
324,64	-0,5463
324,74	-0,5462
324,84	-0,5462
324,94	-0,5461
325,04	-0,5460
325,14	-0,5460
325,24	-0,5458
325,34	-0,5457
325,44	-0,5457
325,54	-0,5456
325,64	-0,5454
325,74	-0,5453
325,84	-0,5452
325,94	-0,5451
326,04	-0,5451
326,14	-0,5450
326,24	-0,5449
326,34	-0,5448
326,44	-0,5447
326,54	-0,5446
326,64	-0,5444
326,74	-0,5443
326,84	-0,5442
326,94	-0,5441
327,04	-0,5440
327,14	-0,5439
327,24	-0,5438
327,34	-0,5437
327,44	-0,5436
327,54	-0,5435
327,64	-0,5435
327,74	-0,5434
327,84	-0,5433
327,94	-0,5432
328,04	-0,5431
328,14	-0,5430
328,24	-0,5429
328,34	-0,5429
328,44	-0,5428
328,54	-0,5427
328,64	-0,5426
328,74	-0,5425
328,84	-0,5424
328,94	-0,5423
329,04	-0,5423
329,14	-0,5422
329,24	-0,5422
329,34	-0,5422
329,44	-0,5421
329,54	-0,5421
329,64	-0,5420
329,74	-0,5420
329,84	-0,5420
329,94	-0,5419
330,04	-0,5419
330,14	-0,5418
330,24	-0,5417
330,34	-0,5416
330,44	-0,5416
330,54	-0,5416
330,64	-0,5416
330,74	-0,5416
330,84	-0,5416
330,94	-0,5415
331,04	-0,5415
331,14	-0,5415
331,24	-0,5415
331,34	-0,5415
331,44	-0,5415
331,54	-0,5415
331,64	-0,5415
331,74	-0,5415
331,84	-0,5414
331,94	-0,5414
332,04	-0,5414
332,14	-0,5415
332,24	-0,5415
332,34	-0,5415
332,44	-0,5415
332,54	-0,5415
332,64	-0,5415
332,74	-0,5415
332,84	-0,5415
332,94	-0,5416
333,04	-0,5416
333,14	-0,5416
333,24	-0,5416
333,34	-0,5416
333,44	-0,5416
333,54	-0,5416
333,64	-0,5416
333,74	-0,5416
333,84	-0,5416
333,94	-0,5416
334,04	-0,5416
334,14	-0,5416
334,24	-0,5416
334,34	-0,5417
334,44	-0,5417
334,54	-0,5417
334,64	-0,5417
334,74	-0,5417
334,84	-0,5417
334,94	-0,5418
335,04	-0,5418
335,14	-0,5419
335,24	-0,5420
335,34	-0,5421
335,44	-0,5421
335,54	-0,5422
335,64	-0,5422
335,74	-0,5423
335,84	-0,5424
335,94	-0,5425
336,04	-0,5426
336,14	-0,5426
336,24	-0,5427
336,34	-0,5428
336,44	-0,5429
336,54	-0,5430
336,64	-0,5431
336,74	-0,5432
336,84	-0,5433
336,94	-0,5434
337,04	-0,5435
337,14	-0,5436
337,24	-0,5438
337,34	-0,5439
337,44	-0,5440
337,54	-0,5442
337,64	-0,5444
337,74	-0,5445
337,84	-0,5446
337,94	-0,5448
338,04	-0,5450
338,14	-0,5451
338,24	-0,5453
338,34	-0,5454
338,44	-0,5456
338,54	-0,5458
338,64	-0,5459
338,74	-0,5461
338,84	-0,5463
338,94	-0,5464
339,04	-0,5465
339,14	-0,5466
339,24	-0,5466
339,34	-0,5466
339,44	-0,5466
339,54	-0,5466
339,64	-0,5466
339,74	-0,5467
339,84	-0,5467
339,94	-0,5468
340,04	-0,5469
340,14	-0,5469
340,24	-0,5469
340,34	-0,5469
340,44	-0,5470
340,54	-0,5470
340,64	-0,5469
340,74	-0,5469
340,84	-0,5469
340,94	-0,5469
341,04	-0,5469
341,14	-0,5469
341,24	-0,5469
341,34	-0,5469
341,44	-0,5468
341,54	-0,5468
341,64	-0,5468
341,74	-0,5468
341,84	-0,5469
341,94	-0,5468
342,04	-0,5468
342,14	-0,5468
342,24	-0,5468
342,34	-0,5468
342,44	-0,5468
342,54	-0,5468
342,64	-0,5468
342,74	-0,5469
342,84	-0,5468
342,94	-0,5469
343,04	-0,5469
343,14	-0,5469
343,24	-0,5470
343,34	-0,5470
343,44	-0,5471
343,54	-0,5472
343,64	-0,5472
343,74	-0,5472
343,84	-0,5473
343,94	-0,5474
344,04	-0,5475
344,14	-0,5475
344,24	-0,5476
344,34	-0,5477
344,44	-0,5478
344,54	-0,5479
344,64	-0,5480
344,74	-0,5481
344,84	-0,5483
344,94	-0,5484
345,04	-0,5486
345,14	-0,5487
345,24	-0,5488
345,34	-0,5490
345,44	-0,5492
345,54	-0,5494
345,64	-0,5495
345,74	-0,5497
345,84	-0,5499
345,94	-0,5501
346,04	-0,5503
346,14	-0,5506
346,24	-0,5508
346,34	-0,5510
346,44	-0,5512
346,54	-0,5515
346,64	-0,5517
346,74	-0,5519
346,84	-0,5521
346,94	-0,5523
347,04	-0,5525
347,14	-0,5528
347,24	-0,5531
347,34	-0,5534
347,44	-0,5536
347,54	-0,5539
347,64	-0,5541
347,74	-0,5544
347,84	-0,5546
347,94	-0,5549
348,04	-0,5551
348,14	-0,5554
348,24	-0,5557
348,34	-0,5559
348,44	-0,5561
348,54	-0,5564
348,64	-0,5567
348,74	-0,5570
348,84	-0,5573
348,94	-0,5576
349,04	-0,5578
349,14	-0,5581
349,24	-0,5584
349,34	-0,5587
349,44	-0,5590
349,54	-0,5593
349,64	-0,5596
349,74	-0,5599
349,84	-0,5602
349,94	-0,5605
350,04	-0,5607
350,14	-0,5610
350,24	-0,5613
350,34	-0,5615
350,44	-0,5618
350,54	-0,5621
350,64	-0,5624
350,74	-0,5627
350,84	-0,5630
350,94	-0,5633
351,04	-0,5636
351,14	-0,5640
351,24	-0,5642
351,34	-0,5645
351,44	-0,5648
351,54	-0,5651
351,64	-0,5654
351,74	-0,5658
351,84	-0,5661
351,94	-0,5664
352,04	-0,5668
352,14	-0,5671
352,24	-0,5674
352,34	-0,5677
352,44	-0,5681
352,54	-0,5684
352,64	-0,5688
352,74	-0,5691
352,84	-0,5695
352,93	-0,5699
353,04	-0,5702
353,13	-0,5706
353,24	-0,5709
353,34	-0,5713
353,44	-0,5717
353,53	-0,5720
353,64	-0,5724
353,73	-0,5728
353,83	-0,5732
353,94	-0,5736
354,04	-0,5740
354,13	-0,5743
354,23	-0,5747
354,33	-0,5751
354,43	-0,5755
354,54	-0,5760
354,63	-0,5764
354,74	-0,5768
354,84	-0,5771
354,94	-0,5775
355,04	-0,5780
355,14	-0,5784
355,24	-0,5788
355,33	-0,5792
355,44	-0,5796
355,54	-0,5800
355,63	-0,5804
355,74	-0,5807
355,83	-0,5811
355,93	-0,5814
356,03	-0,5818
356,13	-0,5823
356,24	-0,5826
356,33	-0,5830
356,44	-0,5834
356,53	-0,5838
356,63	-0,5842
356,73	-0,5846
356,83	-0,5850
356,93	-0,5853
357,03	-0,5857
357,13	-0,5861
357,23	-0,5866
357,33	-0,5870
357,43	-0,5874
357,53	-0,5878
357,63	-0,5882
357,73	-0,5887
357,83	-0,5891
357,93	-0,5896
358,03	-0,5900
358,13	-0,5905
358,23	-0,5910
358,33	-0,5914
358,43	-0,5919
358,53	-0,5924
358,63	-0,5929
358,73	-0,5933
358,83	-0,5938
358,93	-0,5943
359,03	-0,5949
359,13	-0,5954
359,23	-0,5959
359,33	-0,5964
359,43	-0,5968
359,53	-0,5973
359,63	-0,5979
359,73	-0,5983
359,83	-0,5988
359,93	-0,5993
360,03	-0,5998
360,13	-0,6004
360,23	-0,6010
360,33	-0,6015
360,43	-0,6020
360,53	-0,6026
360,63	-0,6031
360,73	-0,6037
360,83	-0,6043
360,93	-0,6048
361,03	-0,6053
361,13	-0,6059
361,23	-0,6065
361,33	-0,6071
361,43	-0,6077
361,53	-0,6082
361,63	-0,6088
361,73	-0,6095
361,83	-0,6101
361,93	-0,6108
362,03	-0,6114
362,13	-0,6120
362,23	-0,6127
362,33	-0,6133
362,43	-0,6140
362,53	-0,6147
362,63	-0,6153
362,73	-0,6160
362,83	-0,6167
362,93	-0,6174
363,03	-0,6181
363,13	-0,6187
363,23	-0,6194
363,33	-0,6201
363,43	-0,6208
363,53	-0,6215
363,63	-0,6222
363,73	-0,6229
363,83	-0,6236
363,93	-0,6243
364,03	-0,6250
364,13	-0,6256
364,23	-0,6264
364,33	-0,6271
364,43	-0,6279
364,53	-0,6287
364,63	-0,6294
364,73	-0,6302
364,83	-0,6309
364,93	-0,6316
365,03	-0,6324
365,13	-0,6332
365,23	-0,6340
365,33	-0,6348
365,43	-0,6356
365,53	-0,6364
365,63	-0,6371
365,73	-0,6379
365,83	-0,6387
365,93	-0,6394
366,03	-0,6402
366,13	-0,6411
366,23	-0,6419
366,33	-0,6427
366,43	-0,6436
366,53	-0,6444
366,63	-0,6453
366,73	-0,6461
366,83	-0,6470
366,93	-0,6479
367,03	-0,6487
367,13	-0,6496
367,23	-0,6505
367,33	-0,6514
367,43	-0,6523
367,53	-0,6532
367,63	-0,6540
367,73	-0,6549
367,83	-0,6559
367,93	-0,6568
368,03	-0,6577
368,13	-0,6586
368,23	-0,6595
368,33	-0,6603
368,43	-0,6612
368,53	-0,6622
368,63	-0,6631
368,73	-0,6641
368,83	-0,6650
368,93	-0,6660
369,03	-0,6669
369,13	-0,6679
369,23	-0,6689
369,33	-0,6698
369,43	-0,6708
369,53	-0,6718
369,63	-0,6728
369,73	-0,6737
369,83	-0,6747
369,93	-0,6756
370,03	-0,6767
370,13	-0,6777
370,23	-0,6787
370,33	-0,6797
370,43	-0,6807
370,53	-0,6817
370,63	-0,6827
370,73	-0,6838
370,83	-0,6848
370,93	-0,6858
371,03	-0,6868
371,13	-0,6879
371,23	-0,6889
371,33	-0,6899
371,43	-0,6909
371,53	-0,6919
371,63	-0,6929
371,73	-0,6939
371,82	-0,6950
371,92	-0,6960
372,03	-0,6971
372,12	-0,6981
372,22	-0,6991
372,32	-0,7001
372,42	-0,7011
372,52	-0,7022
372,62	-0,7032
372,72	-0,7042
372,82	-0,7052
372,92	-0,7062
373,02	-0,7072
373,12	-0,7082
373,22	-0,7091
373,32	-0,7101
373,42	-0,7111
373,52	-0,7121
373,62	-0,7130
373,72	-0,7140
373,82	-0,7150
373,92	-0,7160
374,02	-0,7169
374,12	-0,7179
374,22	-0,7189
374,32	-0,7199
374,42	-0,7209
374,52	-0,7219
374,62	-0,7229
374,72	-0,7239
374,82	-0,7249
374,92	-0,7259
375,02	-0,7268
375,12	-0,7278
375,22	-0,7288
375,32	-0,7298
375,42	-0,7308
375,52	-0,7318
375,62	-0,7327
375,72	-0,7337
375,82	-0,7347
375,92	-0,7357
376,02	-0,7367
376,12	-0,7377
376,22	-0,7387
376,32	-0,7397
376,42	-0,7406
376,52	-0,7416
376,62	-0,7427
376,72	-0,7437
376,82	-0,7447
376,92	-0,7457
377,02	-0,7466
377,12	-0,7476
377,22	-0,7486
377,32	-0,7497
377,42	-0,7507
377,52	-0,7517
377,62	-0,7528
377,72	-0,7538
377,82	-0,7549
377,92	-0,7559
378,02	-0,7570
378,12	-0,7580
378,22	-0,7590
378,32	-0,7600
378,42	-0,7610
378,52	-0,7620
378,62	-0,7630
378,72	-0,7641
378,82	-0,7651
378,92	-0,7662
379,02	-0,7672
379,12	-0,7682
379,22	-0,7692
379,32	-0,7701
379,42	-0,7712
379,52	-0,7722
379,62	-0,7732
379,72	-0,7742
379,82	-0,7751
379,92	-0,7761
380,02	-0,7771
380,12	-0,7780
380,22	-0,7790
380,32	-0,7800
380,42	-0,7810
380,52	-0,7819
380,62	-0,7829
380,72	-0,7838
380,82	-0,7848
380,92	-0,7856
381,02	-0,7866
381,12	-0,7875
381,22	-0,7885
381,32	-0,7895
381,42	-0,7904
381,52	-0,7913
381,62	-0,7923
381,72	-0,7932
381,82	-0,7941
381,92	-0,7950
382,02	-0,7959
382,12	-0,7968
382,22	-0,7977
382,32	-0,7985
382,42	-0,7994
382,52	-0,8003
382,62	-0,8012
382,72	-0,8021
382,82	-0,8029
382,92	-0,8038
383,02	-0,8046
383,12	-0,8054
383,22	-0,8062
383,32	-0,8070
383,42	-0,8078
383,52	-0,8086
383,62	-0,8093
383,72	-0,8101
383,82	-0,8109
383,92	-0,8117
384,02	-0,8124
384,12	-0,8131
384,22	-0,8138
384,32	-0,8145
384,42	-0,8152
384,52	-0,8159
384,62	-0,8166
384,72	-0,8172
384,82	-0,8179
384,92	-0,8186
385,02	-0,8192
385,12	-0,8198
385,22	-0,8204
385,32	-0,8210
385,42	-0,8216
385,51	-0,8221
385,62	-0,8227
385,72	-0,8233
385,81	-0,8238
385,91	-0,8243
386,02	-0,8248
386,11	-0,8253
386,21	-0,8257
386,31	-0,8262
386,41	-0,8267
386,51	-0,8271
386,61	-0,8275
386,71	-0,8280
386,81	-0,8283
386,91	-0,8288
387,01	-0,8292
387,11	-0,8296
387,21	-0,8299
387,31	-0,8303
387,41	-0,8306
387,51	-0,8309
387,61	-0,8313
387,71	-0,8316
387,81	-0,8319
387,91	-0,8321
388,01	-0,8325
388,11	-0,8328
388,21	-0,8330
388,31	-0,8332
388,41	-0,8334
388,51	-0,8336
388,61	-0,8339
388,71	-0,8341
388,81	-0,8343
388,91	-0,8345
389,01	-0,8346
389,11	-0,8348
389,21	-0,8349
389,31	-0,8350
389,41	-0,8352
389,51	-0,8353
389,61	-0,8354
389,71	-0,8355
389,81	-0,8356
389,91	-0,8357
390,01	-0,8357
390,11	-0,8358
390,21	-0,8359
390,31	-0,8360
390,41	-0,8360
390,51	-0,8361
390,61	-0,8361
390,71	-0,8362
390,81	-0,8362
390,91	-0,8362
391,01	-0,8363
391,11	-0,8363
391,21	-0,8362
391,31	-0,8363
391,41	-0,8363
391,51	-0,8363
391,61	-0,8363
391,71	-0,8362
391,81	-0,8362
391,91	-0,8361
392,01	-0,8360
392,11	-0,8360
392,21	-0,8358
392,31	-0,8357
392,41	-0,8356
392,51	-0,8355
392,61	-0,8354
392,71	-0,8353
392,81	-0,8352
392,91	-0,8351
393,01	-0,8350
393,11	-0,8349
393,21	-0,8347
393,31	-0,8346
393,41	-0,8344
393,51	-0,8343
393,61	-0,8342
393,71	-0,8340
393,81	-0,8338
393,91	-0,8336
394,01	-0,8334
394,11	-0,8332
394,21	-0,8331
394,31	-0,8329
394,41	-0,8327
394,51	-0,8326
394,61	-0,8325
394,71	-0,8323
394,81	-0,8321
394,91	-0,8319
395,01	-0,8317
395,11	-0,8315
395,21	-0,8313
395,31	-0,8312
395,41	-0,8309
395,51	-0,8308
395,61	-0,8306
395,71	-0,8304
395,81	-0,8302
395,91	-0,8300
396,01	-0,8298
396,11	-0,8296
396,21	-0,8293
396,31	-0,8291
396,41	-0,8289
396,51	-0,8287
396,61	-0,8285
396,71	-0,8283
396,81	-0,8280
396,91	-0,8278
397,01	-0,8276
397,11	-0,8273
397,21	-0,8270
397,31	-0,8268
397,41	-0,8265
397,51	-0,8262
397,61	-0,8260
397,71	-0,8257
397,81	-0,8254
397,91	-0,8252
398,01	-0,8249
398,11	-0,8246
398,21	-0,8243
398,31	-0,8241
398,41	-0,8237
398,51	-0,8234
398,61	-0,8230
398,71	-0,8226
398,81	-0,8222
398,91	-0,8217
399,01	-0,8213
399,11	-0,8209
399,21	-0,8204
399,31	-0,8199
399,41	-0,8194
399,51	-0,8189
399,61	-0,8184
399,71	-0,8178
399,81	-0,8173
399,91	-0,8167
400,01	-0,8160
400,11	-0,8154
400,21	-0,8148
400,31	-0,8141
400,41	-0,8135
400,51	-0,8128
400,61	-0,8122
400,71	-0,8115
400,81	-0,8109
400,91	-0,8103
401,01	-0,8097
401,11	-0,8091
401,21	-0,8085
401,31	-0,8078
401,41	-0,8072
401,51	-0,8065
401,61	-0,8059
401,71	-0,8053
401,81	-0,8046
401,91	-0,8040
402,01	-0,8034
402,11	-0,8027
402,21	-0,8020
402,31	-0,8014
402,41	-0,8008
402,51	-0,8002
402,61	-0,7995
402,71	-0,7988
402,81	-0,7982
402,91	-0,7975
403,01	-0,7969
403,11	-0,7962
403,21	-0,7956
403,31	-0,7949
403,41	-0,7943
403,51	-0,7936
403,61	-0,7929
403,71	-0,7923
403,81	-0,7917
403,91	-0,7911
404,01	-0,7904
404,11	-0,7898
404,21	-0,7892
404,31	-0,7886
404,41	-0,7879
404,51	-0,7873
404,61	-0,7866
404,71	-0,7860
404,81	-0,7853
404,91	-0,7847
405,01	-0,7841
405,11	-0,7834
405,21	-0,7828
405,31	-0,7822
405,41	-0,7815
405,51	-0,7809
405,61	-0,7803
405,71	-0,7796
405,81	-0,7790
405,91	-0,7783
406,01	-0,7777
406,11	-0,7770
406,21	-0,7763
406,31	-0,7756
406,41	-0,7749
406,51	-0,7742
406,61	-0,7735
406,71	-0,7728
406,81	-0,7721
406,91	-0,7715
407,01	-0,7708
407,11	-0,7701
407,21	-0,7694
407,31	-0,7687
407,41	-0,7680
407,51	-0,7673
407,61	-0,7666
407,71	-0,7660
407,81	-0,7653
407,91	-0,7646
408,01	-0,7639
408,11	-0,7633
408,21	-0,7626
408,31	-0,7619
408,41	-0,7612
408,51	-0,7605
408,61	-0,7598
408,71	-0,7592
408,81	-0,7585
408,91	-0,7578
409,01	-0,7571
409,11	-0,7565
409,21	-0,7558
409,31	-0,7551
409,41	-0,7544
409,51	-0,7537
409,61	-0,7530
409,71	-0,7523
409,81	-0,7516
409,91	-0,7508
410,01	-0,7501
410,11	-0,7494
410,21	-0,7487
410,31	-0,7480
410,41	-0,7472
410,51	-0,7465
410,61	-0,7458
410,71	-0,7451
410,81	-0,7443
410,91	-0,7435
411,01	-0,7426
411,11	-0,7418
411,21	-0,7410
411,31	-0,7401
411,41	-0,7390
411,51	-0,7380
411,61	-0,7370
411,71	-0,7360
411,81	-0,7350
411,91	-0,7340
412,01	-0,7329
412,11	-0,7318
412,21	-0,7308
412,31	-0,7297
412,41	-0,7286
412,51	-0,7275
412,61	-0,7264
412,71	-0,7252
412,81	-0,7241
412,91	-0,7229
413,01	-0,7218
413,11	-0,7206
413,21	-0,7195
413,31	-0,7182
413,41	-0,7170
413,51	-0,7157
413,61	-0,7145
413,71	-0,7132
413,81	-0,7120
413,91	-0,7107
414,01	-0,7095
414,11	-0,7080
414,21	-0,7064
414,31	-0,7050
414,41	-0,7036
414,51	-0,7022
414,61	-0,7008
414,71	-0,6992
414,81	-0,6977
414,91	-0,6962
415,01	-0,6947
415,11	-0,6927
415,21	-0,6909
415,31	-0,6893
415,41	-0,6876
415,51	-0,6858
415,61	-0,6830
415,71	-0,6805
415,81	-0,6782
415,91	-0,6760
416,01	-0,6740
416,11	-0,6716
416,21	-0,6695
416,31	-0,6669
416,41	-0,6647
416,51	-0,6625
416,61	-0,6603
416,71	-0,6576
416,82	-0,6541
416,92	-0,6509
417,02	-0,6483
417,12	-0,6451
417,22	-0,6427
417,32	-0,6397
417,42	-0,6372
417,52	-0,6348
417,62	-0,6315
417,72	-0,6285
417,82	-0,6257
417,92	-0,6233
418,02	-0,6205
418,12	-0,6175
418,22	-0,6149
418,32	-0,6121
418,42	-0,6091
418,52	-0,6062
418,62	-0,6032
418,72	-0,6000
418,82	-0,5974
418,92	-0,5945
419,02	-0,5912
419,12	-0,5883
419,22	-0,5855
419,32	-0,5827
419,42	-0,5798
419,52	-0,5768
419,62	-0,5739
419,72	-0,5708
419,82	-0,5684
419,92	-0,5657
420,02	-0,5622
420,12	-0,5582
420,22	-0,5543
420,32	-0,5504
420,42	-0,5465
420,52	-0,5426
420,62	-0,5386
420,72	-0,5348
420,82	-0,5312
420,92	-0,5280
421,02	-0,5242
421,12	-0,5206
421,22	-0,5171
421,32	-0,5131
421,42	-0,5077
421,52	-0,5042
421,62	-0,5005
421,72	-0,4965
421,82	-0,4927
421,92	-0,4897
422,02	-0,4866
422,12	-0,4832
422,22	-0,4794
422,32	-0,4761
422,42	-0,4729
422,52	-0,4697
422,62	-0,4663
422,72	-0,4627
422,82	-0,4590
422,92	-0,4555
423,02	-0,4519
423,12	-0,4484
423,22	-0,4452
423,32	-0,4420
423,42	-0,4385
423,52	-0,4346
423,62	-0,4298
423,72	-0,4252
423,82	-0,4204
423,92	-0,4154
424,02	-0,4107
424,12	-0,4060
424,22	-0,4004
424,33	-0,3954
424,43	-0,3901
424,53	-0,3853
424,63	-0,3808
424,73	-0,3763
424,83	-0,3708
424,93	-0,3647
425,03	-0,3602
425,13	-0,3550
425,23	-0,3500
425,33	-0,3451
425,43	-0,3396
425,53	-0,3343
425,63	-0,3290
425,73	-0,3223
425,83	-0,3171
425,93	-0,3122
426,03	-0,3062
426,13	-0,2998
426,23	-0,2940
426,33	-0,2882
426,43	-0,2814
426,53	-0,2750
426,63	-0,2693
426,73	-0,2630
426,83	-0,2559
426,93	-0,2490
427,03	-0,2426
427,13	-0,2355
427,23	-0,2277
427,33	-0,2196
427,43	-0,2125
427,53	-0,2049
427,63	-0,1977
427,73	-0,1908
427,83	-0,1834
427,93	-0,1760
428,03	-0,1679
428,14	-0,1600
428,24	-0,1517
428,34	-0,1430
428,44	-0,1343
428,54	-0,1258
428,64	-0,1175
428,74	-0,1095
428,84	-0,1011
428,94	-0,0922
429,04	-0,0836
429,14	-0,0760
429,24	-0,0672
429,34	-0,0586
429,44	-0,0510
429,54	-0,0429
429,64	-0,0342
429,74	-0,0249
429,84	-0,0175
429,94	-0,0090
430,04	-0,0002
430,14	0,0092
430,24	0,0173
430,34	0,0274
430,44	0,0384
430,54	0,0488
430,64	0,0594
430,75	0,0701
430,85	0,0811
430,95	0,0917
431,05	0,1051
431,15	0,1180
431,25	0,1291
431,35	0,1427
431,45	0,1567
431,55	0,1686
431,65	0,1798
431,75	0,1910
431,85	0,2029
431,95	0,2155
432,05	0,2284
432,15	0,2406
432,25	0,2535
432,35	0,2663
432,46	0,2804
432,56	0,2950
432,66	0,3090
432,76	0,3240
432,86	0,3403
432,96	0,3566
433,06	0,3726
433,16	0,3891
433,26	0,4042
433,36	0,4235
433,46	0,4418
433,56	0,4595
433,66	0,4776
433,77	0,4965
433,87	0,5145
433,97	0,5308
434,07	0,5487
434,17	0,5669
434,27	0,5845
434,37	0,6023
434,47	0,6234
434,57	0,6415
434,67	0,6610
434,77	0,6833
434,88	0,7054
434,98	0,7291
435,08	0,7507
435,18	0,7729
435,28	0,7961
435,38	0,8197
435,48	0,8431
435,58	0,8657
435,69	0,8887
435,79	0,9125
435,89	0,9358
435,99	0,9615
436,09	0,9840
436,19	1,0102
436,29	1,0365
436,39	1,0635
436,49	1,0908
436,60	1,1171
436,70	1,1452
436,80	1,1722
436,90	1,1989
437,00	1,2243
437,10	1,2491
437,20	1,2751
437,30	1,3022
437,41	1,3284
437,51	1,3546
437,61	1,3837
437,71	1,4116
437,81	1,4398
437,91	1,4658
438,01	1,4894
438,12	1,5135
438,22	1,5378
438,32	1,5637
438,42	1,5903
438,52	1,6126
438,62	1,6367
438,72	1,6591
438,82	1,6807
438,92	1,7002
439,03	1,7203
439,13	1,7386
439,23	1,7566
439,33	1,7741
439,43	1,7891
439,53	1,8050
439,63	1,8203
439,73	1,8339
439,83	1,8447
439,93	1,8519
440,03	1,8559
440,13	1,8595
440,23	1,8607
440,33	1,8574
440,43	1,8524
440,53	1,8485
440,63	1,8425
440,73	1,8330
440,83	1,8193
440,93	1,7969
441,03	1,7670
441,13	1,7389
441,23	1,7101
441,33	1,6803
441,43	1,6541
441,52	1,6246
441,62	1,5991
441,72	1,5749
441,82	1,5501
441,92	1,5245
442,02	1,5005
442,11	1,4761
442,21	1,4496
442,31	1,4234
442,41	1,3957
442,51	1,3661
442,61	1,3400
442,71	1,3125
442,80	1,2841
442,90	1,2558
443,00	1,2288
443,10	1,2052
443,20	1,1805
443,30	1,1552
443,40	1,1314
443,50	1,1081
443,59	1,0866
443,69	1,0652
443,79	1,0465
443,89	1,0302
443,99	1,0123
444,09	0,9981
444,19	0,9841
444,29	0,9709
444,39	0,9571
444,49	0,9455
444,58	0,9350
444,68	0,9225
444,78	0,9108
444,88	0,9014
444,98	0,8931
445,08	0,8850
445,18	0,8766
445,28	0,8689
445,38	0,8617
445,48	0,8540
445,58	0,8460
445,68	0,8369
445,78	0,8264
445,88	0,8149
445,98	0,8014
446,08	0,7877
446,17	0,7724
446,27	0,7552
446,37	0,7390
446,47	0,7220
446,57	0,7057
446,67	0,6917
446,77	0,6758
446,87	0,6615
446,97	0,6484
447,07	0,6343
447,17	0,6205
447,27	0,6088
447,37	0,5983
447,46	0,5881
447,56	0,5791
447,66	0,5703
447,76	0,5626
447,86	0,5567
447,96	0,5500
448,06	0,5435
448,16	0,5384
448,26	0,5342
448,36	0,5298
448,46	0,5255
448,56	0,5218
448,66	0,5194
448,76	0,5173
448,86	0,5147
448,96	0,5122
449,06	0,5103
449,16	0,5090
449,26	0,5075
449,36	0,5064
449,46	0,5052
449,56	0,5041
449,66	0,5027
449,76	0,5014
449,86	0,5001
449,96	0,4985
450,06	0,4964
450,16	0,4944
450,26	0,4928
450,36	0,4903
450,46	0,4878
450,56	0,4857
450,66	0,4841
450,76	0,4829
450,86	0,4815
450,96	0,4804
451,06	0,4795
451,16	0,4785
451,26	0,4775
451,36	0,4767
451,46	0,4759
451,55	0,4751
451,66	0,4744
451,76	0,4739
451,86	0,4734
451,96	0,4729
452,06	0,4725
452,16	0,4722
452,26	0,4720
452,36	0,4719
452,46	0,4718
452,56	0,4718
452,66	0,4720
452,76	0,4725
452,86	0,4730
452,96	0,4739
453,06	0,4753
453,16	0,4765
453,26	0,4782
453,36	0,4801
453,46	0,4826
453,56	0,4851
453,66	0,4885
453,76	0,4916
453,86	0,4956
453,96	0,5000
454,06	0,5048
454,16	0,5095
454,26	0,5141
454,36	0,5196
454,46	0,5245
454,56	0,5290
454,66	0,5337
454,76	0,5388
454,86	0,5438
454,96	0,5486
455,06	0,5539
455,16	0,5593
455,26	0,5643
455,36	0,5695
455,46	0,5749
455,56	0,5807
455,66	0,5869
455,76	0,5935
455,86	0,5994
455,96	0,6052
456,06	0,6107
456,16	0,6162
456,26	0,6209
456,36	0,6249
456,46	0,6286
456,57	0,6317
456,66	0,6347
456,77	0,6382
456,86	0,6418
456,96	0,6449
457,06	0,6482
457,16	0,6512
457,26	0,6542
457,36	0,6581
457,46	0,6624
457,56	0,6664
457,66	0,6716
457,76	0,6764
457,86	0,6813
457,97	0,6875
458,07	0,6938
458,17	0,7000
458,27	0,7062
458,37	0,7137
458,47	0,7212
458,57	0,7277
458,67	0,7347
458,77	0,7435
458,87	0,7515
458,97	0,7591
459,07	0,7661
459,17	0,7734
459,27	0,7802
459,37	0,7868
459,47	0,7929
459,57	0,7985
459,67	0,8027
459,77	0,8067
459,87	0,8099
459,97	0,8127
460,07	0,8152
460,17	0,8165
460,27	0,8175
460,37	0,8180
460,47	0,8185
460,57	0,8190
460,67	0,8196
460,77	0,8199
460,87	0,8201
460,97	0,8202
461,07	0,8201
461,17	0,8198
461,27	0,8190
461,37	0,8170
461,47	0,8139
461,57	0,8095
461,67	0,8035
461,77	0,7958
461,87	0,7861
461,97	0,7732
462,07	0,7603
462,17	0,7469
462,27	0,7338
462,36	0,7193
462,46	0,7059
462,56	0,6947
462,66	0,6805
462,76	0,6661
462,86	0,6511
462,96	0,6355
463,06	0,6232
463,16	0,6088
463,26	0,5932
463,36	0,5799
463,46	0,5637
463,56	0,5481
463,65	0,5308
463,75	0,5125
463,85	0,4957
463,95	0,4761
464,05	0,4557
464,15	0,4384
464,25	0,4176
464,35	0,3967
464,45	0,3762
464,55	0,3552
464,64	0,3337
464,74	0,3128
464,84	0,2908
464,94	0,2694
465,04	0,2483
465,14	0,2284
465,24	0,2068
465,34	0,1861
465,44	0,1652
465,53	0,1435
465,63	0,1209
465,73	0,1002
465,83	0,0794
465,93	0,0612
466,03	0,0407
466,13	0,0208
466,23	0,0005
466,33	-0,0170
466,42	-0,0364
466,52	-0,0543
466,62	-0,0727
466,72	-0,0919
466,82	-0,1102
466,92	-0,1274
467,02	-0,1444
467,12	-0,1613
467,22	-0,1786
467,32	-0,1951
467,41	-0,2103
467,51	-0,2247
467,61	-0,2389
467,71	-0,2537
467,81	-0,2706
467,91	-0,2841
468,01	-0,2977
468,11	-0,3110
468,21	-0,3241
468,31	-0,3365
468,41	-0,3466
468,51	-0,3588
468,61	-0,3691
468,70	-0,3784
468,80	-0,3878
468,90	-0,3972
469,00	-0,4054
469,10	-0,4141
469,20	-0,4223
469,30	-0,4285
469,40	-0,4367
469,50	-0,4440
469,60	-0,4504
469,70	-0,4566
469,80	-0,4629
469,90	-0,4681
470,00	-0,4750
470,10	-0,4798
470,20	-0,4834
470,30	-0,4878
470,40	-0,4928
470,50	-0,4963
470,60	-0,4996
470,70	-0,5029
470,80	-0,5059
470,90	-0,5094
471,00	-0,5129
471,10	-0,5162
471,19	-0,5196
471,29	-0,5232
471,39	-0,5268
471,49	-0,5309
471,59	-0,5350
471,69	-0,5397
471,79	-0,5435
471,89	-0,5463
471,99	-0,5492
472,09	-0,5518
472,19	-0,5544
472,29	-0,5564
472,39	-0,5577
472,49	-0,5591
472,59	-0,5603
472,69	-0,5615
472,79	-0,5630
472,89	-0,5641
472,99	-0,5656
473,09	-0,5674
473,19	-0,5695
473,29	-0,5711
473,39	-0,5727
473,49	-0,5745
473,59	-0,5758
473,69	-0,5770
473,79	-0,5785
473,89	-0,5798
473,99	-0,5810
474,09	-0,5823
474,19	-0,5836
474,29	-0,5848
474,39	-0,5860
474,49	-0,5872
474,59	-0,5885
474,69	-0,5897
474,79	-0,5909
474,89	-0,5922
474,99	-0,5934
475,09	-0,5945
475,19	-0,5958
475,29	-0,5969
475,39	-0,5981
475,49	-0,5993
475,59	-0,6004
475,69	-0,6015
475,79	-0,6026
475,89	-0,6038
475,99	-0,6049
476,09	-0,6059
476,19	-0,6070
476,29	-0,6081
476,39	-0,6092
476,49	-0,6102
476,59	-0,6112
476,69	-0,6123
476,79	-0,6133
476,89	-0,6143
476,99	-0,6153
477,09	-0,6162
477,19	-0,6172
477,28	-0,6182
477,39	-0,6192
477,48	-0,6201
477,59	-0,6210
477,68	-0,6219
477,79	-0,6228
477,88	-0,6236
477,99	-0,6245
478,09	-0,6254
478,18	-0,6262
478,28	-0,6271
478,39	-0,6279
478,48	-0,6287
478,58	-0,6295
478,68	-0,6303
478,78	-0,6311
478,88	-0,6318
478,98	-0,6325
479,08	-0,6333
479,18	-0,6340
479,28	-0,6347
479,38	-0,6354
479,48	-0,6362
479,58	-0,6368
479,68	-0,6375
479,78	-0,6382
479,88	-0,6389
479,98	-0,6396
480,08	-0,6402
480,18	-0,6409
480,28	-0,6415
480,38	-0,6421
480,48	-0,6428
480,58	-0,6434
480,68	-0,6441
480,78	-0,6447
480,88	-0,6453
480,98	-0,6460
481,08	-0,6466
481,18	-0,6472
481,28	-0,6477
481,38	-0,6483
481,48	-0,6489
481,58	-0,6495
481,68	-0,6501
481,78	-0,6506
481,88	-0,6512
481,98	-0,6518
482,08	-0,6523
482,18	-0,6529
482,28	-0,6534
482,38	-0,6540
482,48	-0,6545
482,58	-0,6550
482,68	-0,6555
482,78	-0,6560
482,88	-0,6565
482,98	-0,6569
483,08	-0,6574
483,18	-0,6579
483,28	-0,6584
483,38	-0,6589
483,48	-0,6594
483,58	-0,6599
483,68	-0,6604
483,78	-0,6609
483,88	-0,6613
483,98	-0,6618
484,08	-0,6622
484,18	-0,6626
484,28	-0,6630
484,38	-0,6635
484,48	-0,6638
484,58	-0,6642
484,68	-0,6646
484,78	-0,6649
484,88	-0,6653
484,98	-0,6656
485,08	-0,6659
485,18	-0,6662
485,28	-0,6665
485,38	-0,6668
485,48	-0,6670
485,58	-0,6673
485,68	-0,6675
485,78	-0,6678
485,88	-0,6680
485,98	-0,6682
486,08	-0,6684
486,18	-0,6686
486,28	-0,6689
486,38	-0,6691
486,48	-0,6693
486,58	-0,6695
486,68	-0,6696
486,78	-0,6697
486,88	-0,6697
486,98	-0,6698
487,08	-0,6699
487,18	-0,6700
487,28	-0,6700
487,38	-0,6701
487,48	-0,6702
487,58	-0,6702
487,68	-0,6703
487,78	-0,6703
487,88	-0,6704
487,98	-0,6704
488,08	-0,6705
488,18	-0,6705
488,28	-0,6706
488,38	-0,6707
488,48	-0,6706
488,58	-0,6707
488,68	-0,6707
488,78	-0,6707
488,88	-0,6708
488,98	-0,6708
489,08	-0,6708
489,18	-0,6709
489,28	-0,6709
489,38	-0,6710
489,48	-0,6710
489,58	-0,6711
489,68	-0,6711
489,78	-0,6712
489,88	-0,6714
489,98	-0,6714
490,08	-0,6715
490,18	-0,6715
490,28	-0,6715
490,38	-0,6716
490,48	-0,6716
490,58	-0,6717
490,68	-0,6717
490,78	-0,6717
490,88	-0,6716
490,98	-0,6716
491,08	-0,6716
491,18	-0,6716
491,28	-0,6716
491,38	-0,6717
491,48	-0,6717
491,58	-0,6717
491,68	-0,6717
491,78	-0,6717
491,88	-0,6717
491,98	-0,6717
492,08	-0,6716
492,18	-0,6716
492,28	-0,6716
492,38	-0,6715
492,48	-0,6715
492,58	-0,6715
492,68	-0,6715
492,78	-0,6714
492,88	-0,6714
492,98	-0,6714
493,08	-0,6714
493,18	-0,6714
493,28	-0,6713
493,38	-0,6713
493,48	-0,6712
493,58	-0,6712
493,68	-0,6712
493,78	-0,6712
493,88	-0,6711
493,98	-0,6711
494,08	-0,6710
494,18	-0,6709
494,28	-0,6708
494,38	-0,6708
494,48	-0,6707
494,58	-0,6706
494,68	-0,6705
494,78	-0,6703
494,87	-0,6701
494,98	-0,6700
495,08	-0,6698
495,17	-0,6696
495,28	-0,6695
495,38	-0,6693
495,48	-0,6691
495,58	-0,6689
495,67	-0,6688
495,78	-0,6686
495,88	-0,6684
495,98	-0,6682
496,07	-0,6681
496,17	-0,6679
496,27	-0,6677
496,37	-0,6675
496,48	-0,6674
496,57	-0,6671
496,67	-0,6670
496,77	-0,6668
496,87	-0,6666
496,97	-0,6665
497,07	-0,6663
497,17	-0,6662
497,27	-0,6660
497,37	-0,6658
497,47	-0,6658
497,57	-0,6656
497,67	-0,6655
497,77	-0,6653
497,87	-0,6652
497,97	-0,6651
498,07	-0,6649
498,17	-0,6647
498,27	-0,6646
498,37	-0,6644
498,47	-0,6643
498,57	-0,6641
498,67	-0,6639
498,77	-0,6637
498,87	-0,6635
498,97	-0,6634
499,07	-0,6632
499,17	-0,6631
499,27	-0,6629
499,37	-0,6627
499,47	-0,6625
499,57	-0,6624
499,67	-0,6622
499,77	-0,6620
499,87	-0,6619
499,97	-0,6618
500,07	-0,6616
500,17	-0,6615
500,27	-0,6613
500,37	-0,6612
500,47	-0,6610
500,57	-0,6608
500,67	-0,6606
500,77	-0,6604
500,87	-0,6602
500,97	-0,6601
501,07	-0,6598
501,17	-0,6596
501,27	-0,6594
501,37	-0,6592
501,47	-0,6590
501,57	-0,6588
501,67	-0,6586
501,77	-0,6584
501,87	-0,6583
501,97	-0,6581
502,07	-0,6579
502,17	-0,6577
502,27	-0,6575
502,37	-0,6573
502,47	-0,6570
502,57	-0,6568
502,67	-0,6567
502,77	-0,6564
502,87	-0,6561
502,97	-0,6557
503,07	-0,6554
503,17	-0,6551
503,27	-0,6548
503,37	-0,6544
503,47	-0,6540
503,57	-0,6537
503,67	-0,6534
503,77	-0,6531
503,87	-0,6527
503,97	-0,6524
504,07	-0,6520
504,17	-0,6516
504,27	-0,6512
504,37	-0,6508
504,47	-0,6504
504,57	-0,6500
504,67	-0,6495
504,77	-0,6490
504,87	-0,6485
504,97	-0,6481
505,07	-0,6476
505,17	-0,6472
505,27	-0,6468
505,37	-0,6462
505,47	-0,6458
505,57	-0,6453
505,67	-0,6449
505,77	-0,6444
505,87	-0,6439
505,97	-0,6433
506,07	-0,6428
506,17	-0,6422
506,27	-0,6417
506,37	-0,6412
506,47	-0,6407
506,57	-0,6401
506,67	-0,6396
506,77	-0,6392
506,87	-0,6387
506,97	-0,6382
507,07	-0,6377
507,17	-0,6371
507,27	-0,6366
507,37	-0,6361
507,47	-0,6356
507,57	-0,6351
507,67	-0,6346
507,77	-0,6342
507,87	-0,6337
507,97	-0,6332
508,07	-0,6328
508,17	-0,6323
508,27	-0,6318
508,37	-0,6313
508,47	-0,6309
508,57	-0,6305
508,67	-0,6300
508,77	-0,6295
508,87	-0,6291
508,97	-0,6286
509,07	-0,6282
509,17	-0,6277
509,27	-0,6273
509,37	-0,6269
509,47	-0,6265
509,57	-0,6261
509,67	-0,6257
509,77	-0,6253
509,87	-0,6249
509,97	-0,6244
510,07	-0,6240
510,17	-0,6237
510,27	-0,6233
510,37	-0,6230
510,47	-0,6226
510,57	-0,6223
510,67	-0,6220
510,77	-0,6217
510,87	-0,6214
510,97	-0,6211
511,07	-0,6208
511,17	-0,6206
511,27	-0,6203
511,37	-0,6201
511,47	-0,6198
511,57	-0,6196
511,67	-0,6194
511,77	-0,6191
511,87	-0,6189
511,97	-0,6187
512,07	-0,6184
512,17	-0,6182
512,27	-0,6180
512,37	-0,6178
512,47	-0,6175
512,57	-0,6174
512,67	-0,6172
512,77	-0,6170
512,87	-0,6169
512,97	-0,6167
513,07	-0,6166
513,17	-0,6165
513,27	-0,6163
513,37	-0,6162
513,47	-0,6160
513,57	-0,6159
513,67	-0,6158
513,77	-0,6157
513,87	-0,6156
513,97	-0,6155
514,07	-0,6154
514,17	-0,6153
514,27	-0,6151
514,37	-0,6150
514,47	-0,6150
514,57	-0,6149
514,67	-0,6148
514,77	-0,6149
514,87	-0,6149
514,97	-0,6149
515,07	-0,6149
515,17	-0,6149
515,27	-0,6150
515,37	-0,6151
515,47	-0,6152
515,57	-0,6153
515,67	-0,6154
515,77	-0,6155
515,87	-0,6157
515,97	-0,6158
516,07	-0,6159
516,17	-0,6161
516,27	-0,6163
516,36	-0,6165
516,46	-0,6167
516,56	-0,6169
516,66	-0,6171
516,77	-0,6174
516,86	-0,6176
516,96	-0,6178
517,06	-0,6181
517,17	-0,6184
517,26	-0,6187
517,36	-0,6190
517,46	-0,6193
517,56	-0,6196
517,66	-0,6200
517,76	-0,6204
517,86	-0,6207
517,96	-0,6211
518,06	-0,6214
518,16	-0,6218
518,26	-0,6223
518,36	-0,6227
518,46	-0,6231
518,56	-0,6235
518,66	-0,6240
518,76	-0,6244
518,86	-0,6248
518,96	-0,6253
519,06	-0,6258
519,16	-0,6263
519,26	-0,6268
519,36	-0,6273
519,46	-0,6278
519,56	-0,6284
519,66	-0,6290
519,76	-0,6296
519,86	-0,6301
519,96	-0,6307
520,06	-0,6313
520,16	-0,6319
520,26	-0,6324
520,36	-0,6328
520,46	-0,6333
520,56	-0,6338
520,66	-0,6343
520,76	-0,6348
520,86	-0,6353
520,96	-0,6357
521,06	-0,6362
521,16	-0,6367
521,26	-0,6371
521,36	-0,6377
521,46	-0,6382
521,56	-0,6387
521,66	-0,6392
521,76	-0,6397
521,86	-0,6402
521,96	-0,6408
522,06	-0,6413
522,16	-0,6418
522,26	-0,6423
522,36	-0,6429
522,46	-0,6435
522,56	-0,6441
522,66	-0,6447
522,76	-0,6453
522,86	-0,6460
522,96	-0,6466
523,06	-0,6472
523,16	-0,6478
523,26	-0,6484
523,36	-0,6490
523,46	-0,6497
523,56	-0,6504
523,66	-0,6511
523,76	-0,6517
523,86	-0,6524
523,96	-0,6530
524,06	-0,6537
524,16	-0,6543
524,26	-0,6549
524,36	-0,6556
524,46	-0,6562
524,56	-0,6569
524,66	-0,6576
524,76	-0,6583
524,86	-0,6589
524,96	-0,6595
525,06	-0,6602
525,16	-0,6608
525,26	-0,6615
525,36	-0,6622
525,46	-0,6628
525,56	-0,6634
525,66	-0,6640
525,76	-0,6645
525,85	-0,6651
525,96	-0,6658
526,06	-0,6664
526,16	-0,6669
526,25	-0,6674
526,36	-0,6679
526,45	-0,6684
526,55	-0,6689
526,66	-0,6694
526,75	-0,6700
526,85	-0,6706
526,95	-0,6711
527,05	-0,6716
527,15	-0,6721
527,25	-0,6727
527,35	-0,6732
527,45	-0,6737
527,55	-0,6743
527,65	-0,6748
527,75	-0,6753
527,85	-0,6758
527,95	-0,6763
528,05	-0,6767
528,15	-0,6772
528,25	-0,6776
528,35	-0,6781
528,45	-0,6785
528,55	-0,6790
528,65	-0,6794
528,75	-0,6799
528,85	-0,6804
528,95	-0,6809
529,05	-0,6814
529,15	-0,6818
529,25	-0,6823
529,35	-0,6828
529,45	-0,6833
529,55	-0,6838
529,65	-0,6842
529,75	-0,6847
529,85	-0,6852
529,95	-0,6856
530,05	-0,6861
530,15	-0,6866
530,25	-0,6870
530,35	-0,6875
530,45	-0,6879
530,55	-0,6884
530,65	-0,6889
530,75	-0,6894
530,85	-0,6898
530,95	-0,6903
531,05	-0,6909
531,15	-0,6914
531,25	-0,6919
531,35	-0,6924
531,45	-0,6929
531,55	-0,6934
531,65	-0,6938
531,75	-0,6942
531,85	-0,6947
531,95	-0,6950
532,05	-0,6954
532,15	-0,6958
532,25	-0,6962
532,35	-0,6966
532,45	-0,6970
532,55	-0,6974
532,65	-0,6978
532,75	-0,6982
532,85	-0,6986
532,95	-0,6991
533,05	-0,6994
533,15	-0,6998
533,25	-0,7003
533,35	-0,7007
533,45	-0,7012
533,55	-0,7017
533,65	-0,7022
533,75	-0,7027
533,85	-0,7032
533,95	-0,7038
534,05	-0,7043
534,15	-0,7048
534,25	-0,7053
534,35	-0,7058
534,45	-0,7063
534,55	-0,7068
534,65	-0,7074
534,75	-0,7079
534,85	-0,7085
534,95	-0,7090
535,05	-0,7096
535,15	-0,7101
535,25	-0,7106
535,34	-0,7111
535,45	-0,7116
535,54	-0,7122
535,65	-0,7128
535,74	-0,7133
535,84	-0,7139
535,94	-0,7144
536,04	-0,7150
536,14	-0,7155
536,24	-0,7161
536,34	-0,7167
536,44	-0,7172
536,54	-0,7177
536,64	-0,7181
536,74	-0,7186
536,84	-0,7191
536,94	-0,7195
537,04	-0,7200
537,14	-0,7205
537,24	-0,7209
537,34	-0,7213
537,44	-0,7216
537,54	-0,7220
537,64	-0,7225
537,74	-0,7228
537,84	-0,7232
537,94	-0,7235
538,04	-0,7238
538,14	-0,7242
538,24	-0,7246
538,34	-0,7249
538,44	-0,7252
538,54	-0,7255
538,64	-0,7258
538,74	-0,7261
538,84	-0,7264
538,94	-0,7267
539,04	-0,7270
539,14	-0,7273
539,24	-0,7276
539,34	-0,7279
539,44	-0,7283
539,54	-0,7286
539,64	-0,7289
539,74	-0,7292
539,84	-0,7295
539,94	-0,7298
540,04	-0,7301
540,14	-0,7304
540,24	-0,7306
540,34	-0,7308
540,44	-0,7310
540,54	-0,7312
540,64	-0,7315
540,74	-0,7317
540,84	-0,7319
540,94	-0,7321
541,04	-0,7323
541,14	-0,7325
541,24	-0,7328
541,34	-0,7330
541,44	-0,7332
541,54	-0,7335
541,64	-0,7337
541,74	-0,7340
541,84	-0,7342
541,94	-0,7344
542,04	-0,7347
542,14	-0,7350
542,24	-0,7352
542,34	-0,7355
542,44	-0,7358
542,54	-0,7361
542,64	-0,7364
542,74	-0,7367
542,84	-0,7370
542,94	-0,7374
543,04	-0,7377
543,14	-0,7380
543,24	-0,7383
543,34	-0,7386
543,44	-0,7390
543,54	-0,7393
543,64	-0,7396
543,74	-0,7399
543,84	-0,7402
543,94	-0,7406
544,04	-0,7409
544,14	-0,7411
544,24	-0,7414
544,34	-0,7418
544,44	-0,7420
544,54	-0,7423
544,64	-0,7426
544,74	-0,7428
544,84	-0,7431
544,94	-0,7433
545,04	-0,7436
545,14	-0,7439
545,24	-0,7442
545,34	-0,7445
545,44	-0,7448
545,54	-0,7451
545,64	-0,7454
545,74	-0,7456
545,84	-0,7459
545,94	-0,7462
546,04	-0,7465
546,14	-0,7467
546,24	-0,7471
546,34	-0,7474
546,44	-0,7476
546,54	-0,7479
546,64	-0,7482
546,74	-0,7485
546,84	-0,7488
546,94	-0,7491
547,04	-0,7494
547,14	-0,7497
547,24	-0,7500
547,34	-0,7503
547,44	-0,7506
547,54	-0,7509
547,64	-0,7511
547,74	-0,7514
547,84	-0,7516
547,94	-0,7519
548,04	-0,7522
548,14	-0,7525
548,24	-0,7528
548,34	-0,7530
548,44	-0,7533
548,54	-0,7535
548,64	-0,7538
548,74	-0,7541
548,84	-0,7543
548,94	-0,7546
549,04	-0,7547
549,14	-0,7549
549,24	-0,7550
549,34	-0,7552
549,44	-0,7554
549,54	-0,7556
549,64	-0,7558
549,74	-0,7560
549,84	-0,7563
549,94	-0,7566
550,04	-0,7568
550,14	-0,7570
550,24	-0,7572
550,34	-0,7574
550,44	-0,7577
550,54	-0,7580
550,64	-0,7583
550,74	-0,7585
550,84	-0,7588
550,94	-0,7590
551,04	-0,7593
551,13	-0,7595
551,23	-0,7598
551,33	-0,7601
551,43	-0,7604
551,53	-0,7607
551,63	-0,7610
551,73	-0,7612
551,83	-0,7615
551,93	-0,7618
552,03	-0,7620
552,13	-0,7623
552,23	-0,7626
552,33	-0,7629
552,43	-0,7632
552,53	-0,7635
552,63	-0,7638
552,73	-0,7640
552,83	-0,7643
552,93	-0,7646
553,03	-0,7649
553,13	-0,7652
553,23	-0,7655
553,33	-0,7657
553,43	-0,7660
553,53	-0,7663
553,63	-0,7665
553,73	-0,7668
553,83	-0,7671
553,93	-0,7673
554,03	-0,7676
554,13	-0,7678
554,23	-0,7680
554,33	-0,7682
554,43	-0,7684
554,53	-0,7685
554,63	-0,7686
554,73	-0,7688
554,83	-0,7689
554,93	-0,7692
555,03	-0,7693
555,13	-0,7695
555,23	-0,7697
555,33	-0,7698
555,43	-0,7700
555,53	-0,7702
555,63	-0,7703
555,73	-0,7706
555,83	-0,7707
555,93	-0,7709
556,03	-0,7711
556,13	-0,7713
556,23	-0,7714
556,33	-0,7716
556,43	-0,7717
556,53	-0,7718
556,63	-0,7720
556,73	-0,7721
556,83	-0,7723
556,93	-0,7725
557,03	-0,7727
557,13	-0,7728
557,23	-0,7730
557,33	-0,7732
557,43	-0,7733
557,53	-0,7734
557,63	-0,7735
557,73	-0,7737
557,83	-0,7738
557,93	-0,7738
558,03	-0,7739
558,13	-0,7740
558,23	-0,7741
558,33	-0,7742
558,43	-0,7743
558,53	-0,7744
558,63	-0,7746
558,73	-0,7748
558,83	-0,7749
558,93	-0,7750
559,03	-0,7751
559,13	-0,7752
559,23	-0,7753
559,33	-0,7755
559,43	-0,7757
559,52	-0,7759
559,62	-0,7761
559,72	-0,7763
559,82	-0,7765
559,92	-0,7767
560,02	-0,7769
560,12	-0,7771
560,22	-0,7774
560,32	-0,7775
560,42	-0,7777
560,52	-0,7779
560,62	-0,7781
560,72	-0,7782
560,82	-0,7784
560,92	-0,7786
561,02	-0,7788
561,12	-0,7790
561,22	-0,7792
561,32	-0,7793
561,42	-0,7794
561,52	-0,7796
561,62	-0,7797
561,72	-0,7798
561,82	-0,7799
561,92	-0,7801
562,02	-0,7803
562,12	-0,7804
562,22	-0,7807
562,32	-0,7808
562,42	-0,7809
562,52	-0,7811
562,62	-0,7813
562,72	-0,7815
562,82	-0,7816
562,92	-0,7817
563,02	-0,7819
563,12	-0,7822
563,22	-0,7823
563,32	-0,7825
563,42	-0,7828
563,52	-0,7830
563,62	-0,7832
563,72	-0,7834
563,82	-0,7836
563,92	-0,7838
564,02	-0,7840
564,12	-0,7842
564,22	-0,7845
564,32	-0,7847
564,42	-0,7849
564,52	-0,7851
564,62	-0,7852
564,72	-0,7854
564,82	-0,7856
564,92	-0,7857
565,02	-0,7860
565,12	-0,7862
565,22	-0,7864
565,32	-0,7867
565,42	-0,7870
565,52	-0,7872
565,62	-0,7875
565,72	-0,7878
565,82	-0,7880
565,92	-0,7882
566,02	-0,7885
566,12	-0,7887
566,22	-0,7889
566,32	-0,7892
566,42	-0,7894
566,52	-0,7897
566,62	-0,7899
566,72	-0,7902
566,82	-0,7905
566,92	-0,7907
567,02	-0,7910
567,12	-0,7913
567,22	-0,7916
567,32	-0,7919
567,42	-0,7922
567,52	-0,7925
567,62	-0,7928
567,72	-0,7932
567,82	-0,7936
567,92	-0,7940
568,02	-0,7945
568,12	-0,7949
568,22	-0,7953
568,32	-0,7956
568,42	-0,7960
568,52	-0,7964
568,62	-0,7968
568,72	-0,7972
568,82	-0,7976
568,92	-0,7981
569,02	-0,7985
569,12	-0,7989
569,22	-0,7993
569,32	-0,7997
569,42	-0,8001
569,52	-0,8005
569,62	-0,8010
569,72	-0,8013
569,82	-0,8017
569,92	-0,8021
570,02	-0,8024
570,12	-0,8028
570,22	-0,8032
570,32	-0,8035
570,42	-0,8039
570,52	-0,8042
570,62	-0,8046
570,72	-0,8049
570,82	-0,8053
570,92	-0,8056
571,02	-0,8059
571,12	-0,8063
571,22	-0,8067
571,32	-0,8071
571,42	-0,8074
571,52	-0,8077
571,62	-0,8081
571,72	-0,8084
571,82	-0,8086
571,92	-0,8089
572,01	-0,8092
572,12	-0,8095
572,21	-0,8097
572,31	-0,8100
572,41	-0,8103
572,51	-0,8105
572,61	-0,8108
572,71	-0,8111
572,81	-0,8113
572,91	-0,8115
573,01	-0,8118
573,11	-0,8121
573,21	-0,8123
573,31	-0,8126
573,41	-0,8130
573,51	-0,8132
573,61	-0,8134
573,71	-0,8137
573,81	-0,8139
573,91	-0,8142
574,01	-0,8144
574,11	-0,8146
574,21	-0,8147
574,31	-0,8150
574,41	-0,8152
574,51	-0,8154
574,61	-0,8157
574,71	-0,8159
574,81	-0,8161
574,91	-0,8163
575,01	-0,8166
575,11	-0,8168
575,21	-0,8170
575,31	-0,8173
575,41	-0,8176
575,51	-0,8178
575,61	-0,8180
575,71	-0,8182
575,81	-0,8185
575,91	-0,8187
576,01	-0,8190
576,11	-0,8192
576,21	-0,8194
576,31	-0,8196
576,41	-0,8198
576,51	-0,8200
576,61	-0,8202
576,71	-0,8204
576,81	-0,8205
576,91	-0,8206
577,01	-0,8208
577,11	-0,8210
577,21	-0,8211
577,31	-0,8212
577,41	-0,8214
577,51	-0,8216
577,61	-0,8218
577,71	-0,8219
577,81	-0,8220
577,91	-0,8221
578,01	-0,8223
578,11	-0,8224
578,21	-0,8225
578,31	-0,8227
578,41	-0,8228
578,51	-0,8230
578,61	-0,8231
578,71	-0,8232
578,81	-0,8233
578,91	-0,8236
579,01	-0,8237
579,11	-0,8238
579,21	-0,8241
579,31	-0,8243
579,41	-0,8245
579,51	-0,8248
579,61	-0,8251
579,71	-0,8253
579,81	-0,8256
579,91	-0,8259
580,01	-0,8261
580,11	-0,8264
580,21	-0,8266
580,31	-0,8269
580,41	-0,8272
580,51	-0,8275
580,61	-0,8278
580,71	-0,8280
580,81	-0,8283
580,91	-0,8285
581,01	-0,8287
581,11	-0,8290
581,21	-0,8294
581,31	-0,8297
581,41	-0,8299
581,51	-0,8302
581,60	-0,8305
581,71	-0,8309
581,81	-0,8311
581,90	-0,8314
582,00	-0,8317
582,10	-0,8320
582,20	-0,8323
582,30	-0,8326
582,40	-0,8329
582,50	-0,8332
582,61	-0,8335
582,70	-0,8338
582,80	-0,8340
582,90	-0,8343
583,00	-0,8346
583,10	-0,8348
583,20	-0,8350
583,30	-0,8354
583,40	-0,8356
583,50	-0,8358
583,60	-0,8361
583,70	-0,8364
583,80	-0,8366
583,90	-0,8369
584,00	-0,8371
584,10	-0,8374
584,20	-0,8376
584,30	-0,8379
584,40	-0,8381
584,50	-0,8384
584,60	-0,8386
584,70	-0,8388
584,80	-0,8391
584,90	-0,8394
585,00	-0,8396
585,10	-0,8398
585,20	-0,8401
585,30	-0,8404
585,40	-0,8406
585,50	-0,8408
585,60	-0,8410
585,70	-0,8413
585,80	-0,8415
585,90	-0,8417
586,00	-0,8419
586,10	-0,8422
586,20	-0,8424
586,30	-0,8427
586,40	-0,8430
586,50	-0,8432
586,60	-0,8434
586,70	-0,8437
586,80	-0,8439
586,90	-0,8441
587,00	-0,8443
587,10	-0,8445
587,20	-0,8448
587,30	-0,8450
587,40	-0,8452
587,50	-0,8454
587,60	-0,8456
587,70	-0,8459
587,80	-0,8461
587,90	-0,8463
588,00	-0,8465
588,10	-0,8468
588,20	-0,8470
588,30	-0,8473
588,40	-0,8475
588,50	-0,8478
588,60	-0,8481
588,70	-0,8484
588,80	-0,8487
588,90	-0,8490
589,00	-0,8494
589,10	-0,8497
589,20	-0,8499
589,30	-0,8502
589,40	-0,8505
589,50	-0,8508
589,60	-0,8511
589,70	-0,8514
589,80	-0,8516
589,90	-0,8519
590,00	-0,8521
590,10	-0,8524
590,20	-0,8526
590,30	-0,8528
590,40	-0,8530
590,50	-0,8532
590,60	-0,8534
590,70	-0,8535
590,80	-0,8538
590,90	-0,8539
591,00	-0,8542
591,10	-0,8544
591,20	-0,8545
591,30	-0,8547
591,40	-0,8549
591,50	-0,8552
591,60	-0,8553
591,70	-0,8555
591,80	-0,8557
591,89	-0,8559
591,99	-0,8560
592,09	-0,8562
592,19	-0,8564
592,29	-0,8565
592,39	-0,8566
592,49	-0,8568
592,59	-0,8570
592,69	-0,8571
592,79	-0,8572
592,89	-0,8574
592,99	-0,8575
593,09	-0,8576
593,19	-0,8577
593,29	-0,8578
593,39	-0,8579
593,49	-0,8581
593,59	-0,8582
593,69	-0,8583
593,79	-0,8585
593,89	-0,8586
593,99	-0,8587
594,09	-0,8589
594,19	-0,8590
594,29	-0,8592
594,39	-0,8593
594,49	-0,8593
594,59	-0,8595
594,69	-0,8596
594,79	-0,8597
594,89	-0,8598
594,99	-0,8599
595,09	-0,8600
595,19	-0,8601
595,29	-0,8602
595,39	-0,8604
595,49	-0,8605
595,59	-0,8607
595,69	-0,8609
595,79	-0,8610
595,89	-0,8612
595,99	-0,8613
596,09	-0,8615
596,19	-0,8617
596,29	-0,8620
596,39	-0,8622
596,49	-0,8624
596,59	-0,8627
596,69	-0,8629
596,79	-0,8631
596,89	-0,8633
596,99	-0,8636
597,09	-0,8639
597,19	-0,8642
597,29	-0,8645
597,39	-0,8647
597,49	-0,8650
597,59	-0,8653
597,69	-0,8656
597,79	-0,8659
597,89	-0,8663
597,99	-0,8667
598,09	-0,8670
598,19	-0,8673
598,29	-0,8677
598,39	-0,8680
598,49	-0,8684
598,59	-0,8688
598,69	-0,8691
598,79	-0,8695
598,89	-0,8698
598,99	-0,8701
599,09	-0,8705
599,19	-0,8709
599,29	-0,8712
599,39	-0,8715
599,49	-0,8719
599,59	-0,8722
599,69	-0,8726
599,79	-0,8730
599,89	-0,8733
599,99	-0,8737
600,09	-0,8741
600,19	-0,8744
600,29	-0,8745
600,39	-0,8744
600,49	-0,8745
600,59	-0,8746
600,69	-0,8749
600,79	-0,8751
600,89	-0,8752
600,99	-0,8754
601,09	-0,8756
601,19	-0,8757
601,29	-0,8758
601,39	-0,8760
601,49	-0,8762
601,59	-0,8764
601,69	-0,8765
601,79	-0,8766
601,89	-0,8767
601,99	-0,8769
602,09	-0,8770
602,19	-0,8772
602,29	-0,8774
602,39	-0,8776
602,49	-0,8777
602,59	-0,8779
602,69	-0,8781
602,79	-0,8782
602,89	-0,8784
602,99	-0,8785
603,09	-0,8786
603,19	-0,8786
603,29	-0,8787
603,39	-0,8788
603,48	-0,8789
603,58	-0,8789
603,68	-0,8790
603,78	-0,8790
603,88	-0,8790
603,98	-0,8791
604,08	-0,8792
604,18	-0,8792
604,28	-0,8793
604,38	-0,8793
604,48	-0,8793
604,58	-0,8793
604,68	-0,8793
604,78	-0,8793
604,88	-0,8793
604,98	-0,8793
605,08	-0,8793
605,18	-0,8793
605,28	-0,8793
605,38	-0,8793
605,48	-0,8794
605,58	-0,8795
605,68	-0,8795
605,78	-0,8796
605,88	-0,8797
605,98	-0,8797
606,08	-0,8798
606,18	-0,8798
606,28	-0,8800
606,38	-0,8801
606,48	-0,8802
606,58	-0,8804
606,68	-0,8805
606,78	-0,8807
606,88	-0,8808
606,98	-0,8809
607,08	-0,8810
607,18	-0,8812
607,28	-0,8814
607,38	-0,8815
607,48	-0,8817
607,58	-0,8819
607,68	-0,8821
607,78	-0,8824
607,88	-0,8827
607,98	-0,8830
608,08	-0,8832
608,18	-0,8834
608,28	-0,8835
608,38	-0,8835
608,48	-0,8837
608,58	-0,8840
608,68	-0,8841
608,78	-0,8842
608,88	-0,8844
608,98	-0,8846
609,08	-0,8847
609,18	-0,8848
609,28	-0,8850
609,38	-0,8852
609,48	-0,8854
609,58	-0,8856
609,68	-0,8857
609,78	-0,8859
609,88	-0,8861
609,98	-0,8863
610,08	-0,8865
610,18	-0,8867
610,28	-0,8868
610,38	-0,8870
610,48	-0,8872
610,58	-0,8875
610,68	-0,8877
610,78	-0,8879
610,88	-0,8882
610,98	-0,8884
611,08	-0,8886
611,18	-0,8889
611,28	-0,8891
611,38	-0,8894
611,48	-0,8897
611,58	-0,8899
611,68	-0,8902
611,78	-0,8905
611,88	-0,8908
611,98	-0,8912
612,08	-0,8915
612,18	-0,8919
612,28	-0,8923
612,38	-0,8927
612,48	-0,8932
612,58	-0,8936
612,68	-0,8940
612,78	-0,8944
612,88	-0,8949
612,98	-0,8953
613,08	-0,8958
613,18	-0,8963
613,28	-0,8968
613,38	-0,8972
613,48	-0,8976
613,58	-0,8981
613,68	-0,8986
613,78	-0,8990
613,88	-0,8995
613,98	-0,8998
614,08	-0,8991
614,18	-0,8987
614,28	-0,8985
614,37	-0,8984
614,48	-0,8983
614,58	-0,8982
614,68	-0,8982
614,78	-0,8981
614,88	-0,8981
614,98	-0,8981
615,08	-0,8980
615,18	-0,8980
615,28	-0,8980
615,38	-0,8979
615,48	-0,8978
615,57	-0,8977
615,67	-0,8976
615,77	-0,8976
615,87	-0,8975
615,97	-0,8975
616,07	-0,8975
616,17	-0,8975
616,27	-0,8975
616,37	-0,8974
616,47	-0,8974
616,57	-0,8974
616,67	-0,8974
616,77	-0,8974
616,87	-0,8974
616,97	-0,8975
617,07	-0,8976
617,17	-0,8976
617,27	-0,8977
617,37	-0,8978
617,47	-0,8978
617,57	-0,8979
617,67	-0,8978
617,77	-0,8979
617,87	-0,8980
617,97	-0,8981
618,07	-0,8982
618,17	-0,8983
618,27	-0,8984
618,37	-0,8984
618,47	-0,8985
618,57	-0,8986
618,67	-0,8986
618,77	-0,8986
618,87	-0,8987
618,97	-0,8988
619,07	-0,8989
619,17	-0,8990
619,27	-0,8990
619,37	-0,8991
619,47	-0,8992
619,57	-0,8994
619,67	-0,8995
619,77	-0,8996
619,87	-0,8999
619,97	-0,9001
620,07	-0,9003
620,17	-0,9005
620,27	-0,9007
620,37	-0,9009
620,47	-0,9012
620,57	-0,9014
620,67	-0,9016
620,77	-0,9018
620,87	-0,9019
620,97	-0,9021
621,07	-0,9023
621,17	-0,9025
621,27	-0,9026
621,37	-0,9028
621,47	-0,9029
621,57	-0,9029
621,67	-0,9031
621,77	-0,9030
621,87	-0,9030
621,97	-0,9031
622,07	-0,9031
622,17	-0,9031
622,27	-0,9031
622,37	-0,9032
622,47	-0,9032
622,57	-0,9032
622,67	-0,9033
622,77	-0,9033
622,87	-0,9033
622,97	-0,9034
623,07	-0,9035
623,17	-0,9036
623,27	-0,9036
623,37	-0,9036
623,47	-0,9037
623,57	-0,9038
623,67	-0,9039
623,77	-0,9041
623,87	-0,9043
623,97	-0,9044
624,07	-0,9045
624,17	-0,9048
624,27	-0,9049
624,37	-0,9051
624,47	-0,9053
624,57	-0,9056
624,67	-0,9058
624,77	-0,9060
624,87	-0,9062
624,97	-0,9064
625,07	-0,9066
625,17	-0,9068
625,27	-0,9070
625,37	-0,9074
625,47	-0,9076
625,57	-0,9079
625,66	-0,9081
625,77	-0,9085
625,87	-0,9087
625,97	-0,9090
626,06	-0,9093
626,17	-0,9096
626,26	-0,9099
626,36	-0,9102
626,46	-0,9106
626,56	-0,9108
626,66	-0,9110
626,76	-0,9114
626,86	-0,9118
626,96	-0,9121
627,06	-0,9125
627,16	-0,9129
627,26	-0,9130
627,36	-0,9130
627,46	-0,9132
627,56	-0,9133
627,66	-0,9130
627,76	-0,9129
627,86	-0,9128
627,96	-0,9127
628,06	-0,9127
628,16	-0,9127
628,26	-0,9126
628,36	-0,9125
628,46	-0,9125
628,56	-0,9124
628,66	-0,9124
628,76	-0,9124
628,86	-0,9123
628,96	-0,9123
629,06	-0,9123
629,16	-0,9122
629,26	-0,9122
629,36	-0,9122
629,46	-0,9122
629,56	-0,9122
629,66	-0,9121
629,76	-0,9121
629,86	-0,9121
629,96	-0,9121
630,06	-0,9122
630,16	-0,9122
630,26	-0,9122
630,36	-0,9123
630,46	-0,9124
630,56	-0,9125
630,66	-0,9125
630,76	-0,9126
630,86	-0,9127
630,96	-0,9129
631,06	-0,9130
631,16	-0,9132
631,26	-0,9134
631,36	-0,9137
631,46	-0,9139
631,56	-0,9141
631,66	-0,9143
631,76	-0,9145
631,86	-0,9148
631,96	-0,9151
632,06	-0,9154
632,16	-0,9157
632,26	-0,9159
632,36	-0,9162
632,46	-0,9167
632,56	-0,9171
632,66	-0,9175
632,76	-0,9179
632,86	-0,9182
632,96	-0,9185
633,06	-0,9189
633,16	-0,9193
633,26	-0,9197
633,36	-0,9200
633,46	-0,9205
633,56	-0,9209
633,66	-0,9212
633,76	-0,9216
633,86	-0,9221
633,96	-0,9226
634,06	-0,9230
634,16	-0,9235
634,26	-0,9239
634,36	-0,9243
634,46	-0,9248
634,56	-0,9252
634,66	-0,9256
634,76	-0,9260
634,86	-0,9264
634,96	-0,9269
635,06	-0,9274
635,16	-0,9278
635,26	-0,9281
635,36	-0,9285
635,46	-0,9289
635,56	-0,9292
635,66	-0,9294
635,76	-0,9297
635,86	-0,9301
635,96	-0,9304
636,06	-0,9306
636,16	-0,9309
636,26	-0,9311
636,36	-0,9314
636,46	-0,9317
636,56	-0,9319
636,66	-0,9321
636,76	-0,9324
636,86	-0,9326
636,96	-0,9330
637,06	-0,9334
637,16	-0,9337
637,26	-0,9340
637,35	-0,9344
637,46	-0,9347
637,55	-0,9351
637,66	-0,9355
637,75	-0,9359
637,85	-0,9364
637,95	-0,9369
638,05	-0,9373
638,15	-0,9379
638,25	-0,9384
638,35	-0,9389
638,45	-0,9395
638,55	-0,9400
638,65	-0,9405
638,75	-0,9411
638,85	-0,9416
638,95	-0,9420
639,05	-0,9425
639,15	-0,9430
639,25	-0,9436
639,35	-0,9440
639,45	-0,9445
639,55	-0,9451
639,65	-0,9456
639,75	-0,9461
639,85	-0,9465
639,95	-0,9470
640,05	-0,9475
640,15	-0,9481
640,25	-0,9486
640,35	-0,9492
640,45	-0,9497
640,55	-0,9503
640,65	-0,9509
640,75	-0,9514
640,85	-0,9520
640,95	-0,9526
641,05	-0,9532
641,15	-0,9538
641,25	-0,9543
641,35	-0,9549
641,45	-0,9556
641,55	-0,9563
641,65	-0,9569
641,75	-0,9575
641,85	-0,9582
641,95	-0,9589
642,05	-0,9597
642,15	-0,9604
642,25	-0,9612
642,35	-0,9620
642,45	-0,9627
642,55	-0,9635
642,65	-0,9642
642,75	-0,9649
642,85	-0,9656
642,95	-0,9663
643,05	-0,9671
643,15	-0,9678
643,25	-0,9686
643,35	-0,9695
643,45	-0,9703
643,55	-0,9711
643,65	-0,9720
643,75	-0,9728
643,85	-0,9737
643,95	-0,9745
644,05	-0,9753
644,15	-0,9761
644,25	-0,9770
644,35	-0,9779
644,45	-0,9789
644,55	-0,9798
644,65	-0,9806
644,75	-0,9815
644,85	-0,9824
644,95	-0,9833
645,05	-0,9842
645,15	-0,9850
645,25	-0,9859
645,35	-0,9867
645,45	-0,9875
645,55	-0,9883
645,65	-0,9890
645,75	-0,9898
645,85	-0,9905
645,95	-0,9912
646,05	-0,9920
646,15	-0,9927
646,24	-0,9933
646,35	-0,9940
646,45	-0,9947
646,54	-0,9953
646,64	-0,9959
646,75	-0,9966
646,84	-0,9972
646,94	-0,9979
647,04	-0,9985
647,14	-0,9990
647,24	-0,9996
647,34	-1,0003
647,44	-1,0009
647,54	-1,0015
647,64	-1,0022
647,74	-1,0029
647,84	-1,0037
647,94	-1,0044
648,04	-1,0050
648,14	-1,0057
648,24	-1,0063
648,34	-1,0070
648,44	-1,0077
648,54	-1,0084
648,64	-1,0091
648,74	-1,0099
648,84	-1,0109
648,94	-1,0117
649,04	-1,0124
649,14	-1,0132
649,24	-1,0141
649,34	-1,0149
649,44	-1,0156
649,54	-1,0163
649,64	-1,0171
649,74	-1,0179
649,84	-1,0187
649,94	-1,0193
650,04	-1,0201
650,14	-1,0209
650,24	-1,0217
650,34	-1,0224
650,44	-1,0231
650,54	-1,0238
650,64	-1,0246
650,74	-1,0254
650,84	-1,0260
650,94	-1,0267
651,04	-1,0274
651,14	-1,0281
651,24	-1,0288
651,34	-1,0294
651,44	-1,0300
651,54	-1,0306
651,64	-1,0312
651,74	-1,0318
651,84	-1,0324
651,94	-1,0331
652,04	-1,0338
652,14	-1,0345
652,24	-1,0352
652,34	-1,0358
652,44	-1,0365
652,54	-1,0372
652,64	-1,0379
652,74	-1,0386
652,84	-1,0393
652,94	-1,0401
653,04	-1,0409
653,14	-1,0416
653,24	-1,0422
653,34	-1,0427
653,44	-1,0434
653,54	-1,0441
653,64	-1,0447
653,74	-1,0453
653,84	-1,0460
653,94	-1,0465
654,04	-1,0472
654,14	-1,0478
654,24	-1,0485
654,34	-1,0490
654,44	-1,0497
654,54	-1,0504
654,64	-1,0510
654,74	-1,0517
654,84	-1,0524
654,94	-1,0530
655,04	-1,0537
655,14	-1,0545
655,24	-1,0552
655,34	-1,0560
655,44	-1,0568
655,54	-1,0574
655,64	-1,0582
655,74	-1,0591
655,83	-1,0598
655,94	-1,0606
656,04	-1,0614
656,14	-1,0623
656,24	-1,0631
656,33	-1,0639
656,43	-1,0648
656,53	-1,0656
656,63	-1,0663
656,73	-1,0672
656,83	-1,0681
656,93	-1,0689
657,03	-1,0698
657,13	-1,0707
657,23	-1,0715
657,33	-1,0722
657,43	-1,0731
657,53	-1,0739
657,63	-1,0746
657,73	-1,0755
657,83	-1,0762
657,93	-1,0770
658,03	-1,0777
658,13	-1,0784
658,23	-1,0792
658,33	-1,0799
658,43	-1,0806
658,53	-1,0813
658,63	-1,0820
658,73	-1,0826
658,83	-1,0833
658,93	-1,0839
659,03	-1,0845
659,13	-1,0851
659,23	-1,0857
659,33	-1,0862
659,43	-1,0866
659,53	-1,0871
659,63	-1,0879
659,73	-1,0884
659,83	-1,0889
659,93	-1,0895
660,03	-1,0901
660,13	-1,0906
660,23	-1,0912
660,33	-1,0917
660,43	-1,0922
660,53	-1,0928
660,63	-1,0934
660,73	-1,0938
660,83	-1,0942
660,93	-1,0945
661,03	-1,0950
661,13	-1,0954
661,23	-1,0958
661,33	-1,0962
661,43	-1,0966
661,53	-1,0970
661,63	-1,0973
661,73	-1,0977
661,83	-1,0981
661,93	-1,0984
662,03	-1,0988
662,13	-1,0992
662,23	-1,0996
662,33	-1,0999
662,43	-1,1003
662,53	-1,1007
662,63	-1,1011
662,73	-1,1016
662,83	-1,1020
662,93	-1,1024
663,03	-1,1028
663,13	-1,1030
663,23	-1,1034
663,33	-1,1038
663,43	-1,1042
663,53	-1,1045
663,63	-1,1048
663,73	-1,1052
663,83	-1,1056
663,93	-1,1060
664,03	-1,1064
664,13	-1,1067
664,23	-1,1070
664,33	-1,1074
664,43	-1,1078
664,53	-1,1082
664,63	-1,1086
664,73	-1,1091
664,83	-1,1096
664,93	-1,1101
665,03	-1,1104
665,13	-1,1109
665,23	-1,1114
665,33	-1,1118
665,43	-1,1123
665,53	-1,1128
665,63	-1,1133
665,73	-1,1138
665,83	-1,1143
665,93	-1,1148
666,03	-1,1153
666,13	-1,1157
666,23	-1,1163
666,32	-1,1168
666,42	-1,1173
666,52	-1,1179
666,62	-1,1184
666,72	-1,1189
666,82	-1,1194
666,92	-1,1201
667,02	-1,1206
667,12	-1,1212
667,22	-1,1218
667,32	-1,1224
667,42	-1,1230
667,52	-1,1235
667,62	-1,1241
667,72	-1,1246
667,82	-1,1253
667,92	-1,1259
668,02	-1,1265
668,12	-1,1271
668,22	-1,1277
668,32	-1,1285
668,42	-1,1291
668,52	-1,1298
668,62	-1,1305
668,72	-1,1313
668,82	-1,1319
668,92	-1,1326
669,02	-1,1333
669,12	-1,1340
669,22	-1,1346
669,32	-1,1353
669,42	-1,1359
669,52	-1,1365
669,62	-1,1372
669,72	-1,1378
669,82	-1,1385
669,92	-1,1391
670,02	-1,1397
670,12	-1,1404
670,22	-1,1410
670,32	-1,1417
670,42	-1,1424
670,52	-1,1430
670,62	-1,1439
670,72	-1,1446
670,82	-1,1453
670,92	-1,1460
671,02	-1,1469
671,12	-1,1477
671,22	-1,1485
671,32	-1,1493
671,42	-1,1503
671,52	-1,1511
671,62	-1,1519
671,72	-1,1528
671,82	-1,1537
671,92	-1,1546
672,02	-1,1554
672,12	-1,1563
672,22	-1,1572
672,32	-1,1581
672,42	-1,1590
672,52	-1,1599
672,62	-1,1609
672,72	-1,1618
672,82	-1,1628
672,92	-1,1637
673,02	-1,1647
673,12	-1,1656
673,22	-1,1665
673,32	-1,1676
673,42	-1,1685
673,52	-1,1695
673,62	-1,1706
673,72	-1,1716
673,82	-1,1727
673,92	-1,1738
674,01	-1,1748
674,11	-1,1759
674,21	-1,1770
674,31	-1,1780
674,41	-1,1790
674,51	-1,1801
674,61	-1,1811
674,71	-1,1821
674,81	-1,1831
674,91	-1,1842
675,01	-1,1852
675,11	-1,1864
675,21	-1,1874
675,31	-1,1884
675,41	-1,1895
675,51	-1,1906
675,61	-1,1916
675,71	-1,1925
675,81	-1,1935
675,91	-1,1945
676,01	-1,1956
676,11	-1,1966
676,21	-1,1976
676,31	-1,1985
676,41	-1,1994
676,51	-1,2003
676,61	-1,2013
676,71	-1,2023
676,81	-1,2032
676,91	-1,2042
677,01	-1,2050
677,11	-1,2061
677,21	-1,2071
677,31	-1,2080
677,41	-1,2089
677,51	-1,2098
677,61	-1,2107
677,71	-1,2116
677,81	-1,2124
677,91	-1,2133
678,01	-1,2141
678,11	-1,2150
678,21	-1,2156
678,31	-1,2162
678,41	-1,2169
678,51	-1,2176
678,61	-1,2183
678,71	-1,2188
678,81	-1,2195
678,91	-1,2202
679,01	-1,2209
679,11	-1,2215
679,21	-1,2223
679,31	-1,2230
679,41	-1,2237
679,51	-1,2244
679,61	-1,2251
679,71	-1,2258
679,81	-1,2264
679,91	-1,2272
680,01	-1,2279
680,11	-1,2286
680,21	-1,2293
680,31	-1,2300
680,41	-1,2308
680,51	-1,2315
680,61	-1,2322
680,71	-1,2329
680,81	-1,2335
680,91	-1,2339
681,01	-1,2342
681,11	-1,2345
681,21	-1,2348
681,31	-1,2351
681,41	-1,2354
681,51	-1,2356
681,61	-1,2359
681,71	-1,2363
681,81	-1,2365
681,91	-1,2366
682,01	-1,2368
682,10	-1,2371
682,20	-1,2374
682,31	-1,2377
682,41	-1,2380
682,50	-1,2382
682,60	-1,2385
682,70	-1,2389
682,80	-1,2392
682,90	-1,2395
683,00	-1,2400
683,10	-1,2403
683,20	-1,2406
683,30	-1,2409
683,40	-1,2413
683,50	-1,2416
683,60	-1,2419
683,70	-1,2423
683,80	-1,2427
683,90	-1,2430
684,00	-1,2434
684,10	-1,2437
684,20	-1,2441
684,30	-1,2446
684,40	-1,2450
684,50	-1,2455
684,60	-1,2459
684,70	-1,2463
684,80	-1,2467
684,90	-1,2471
685,00	-1,2476
685,10	-1,2479
685,20	-1,2483
685,30	-1,2487
685,40	-1,2491
685,50	-1,2495
685,60	-1,2499
685,70	-1,2503
685,80	-1,2507
685,90	-1,2510
686,00	-1,2515
686,10	-1,2519
686,20	-1,2523
686,30	-1,2527
686,40	-1,2532
686,50	-1,2537
686,60	-1,2542
686,70	-1,2545
686,80	-1,2549
686,90	-1,2553
687,00	-1,2558
687,10	-1,2561
687,20	-1,2566
687,30	-1,2570
687,40	-1,2574
687,50	-1,2578
687,60	-1,2582
687,70	-1,2587
687,80	-1,2592
687,90	-1,2597
688,00	-1,2601
688,10	-1,2605
688,20	-1,2608
688,30	-1,2613
688,40	-1,2616
688,50	-1,2621
688,60	-1,2625
688,70	-1,2629
688,80	-1,2634
688,90	-1,2638
689,00	-1,2642
689,10	-1,2647
689,20	-1,2651
689,30	-1,2655
689,40	-1,2660
689,50	-1,2663
689,60	-1,2667
689,70	-1,2672
689,80	-1,2677
689,90	-1,2682
690,00	-1,2686
690,10	-1,2692
690,20	-1,2696
690,30	-1,2701
690,40	-1,2706
690,50	-1,2717
690,60	-1,2722
690,70	-1,2727
690,80	-1,2735
690,90	-1,2742
691,00	-1,2748
691,10	-1,2756
691,20	-1,2763
691,30	-1,2769
691,40	-1,2776
691,50	-1,2784
691,60	-1,2790
691,70	-1,2798
691,80	-1,2806
691,90	-1,2813
692,00	-1,2821
692,10	-1,2828
692,20	-1,2837
692,30	-1,2846
692,40	-1,2855
692,50	-1,2863
692,60	-1,2872
692,70	-1,2882
692,80	-1,2890
692,89	-1,2898
692,99	-1,2907
693,09	-1,2917
693,19	-1,2927
693,29	-1,2936
693,39	-1,2947
693,49	-1,2957
693,59	-1,2966
693,69	-1,2976
693,79	-1,2986
693,89	-1,2995
693,99	-1,3008
694,09	-1,3018
694,19	-1,3026
694,29	-1,3035
694,39	-1,3044
694,49	-1,3053
694,59	-1,3063
694,69	-1,3072
694,79	-1,3081
694,89	-1,3090
694,99	-1,3100
695,09	-1,3108
695,19	-1,3116
695,29	-1,3126
695,39	-1,3136
695,49	-1,3148
695,59	-1,3160
695,69	-1,3169
695,79	-1,3181
695,89	-1,3191
695,99	-1,3201
696,09	-1,3211
696,19	-1,3221
696,29	-1,3232
696,39	-1,3243
696,49	-1,3254
696,59	-1,3266
696,69	-1,3277
696,79	-1,3288
696,89	-1,3299
696,99	-1,3310
697,09	-1,3321
697,19	-1,3332
697,29	-1,3342
697,39	-1,3354
697,49	-1,3366
697,59	-1,3377
697,69	-1,3387
697,79	-1,3399
697,89	-1,3410
697,99	-1,3421
698,09	-1,3433
698,19	-1,3444
698,29	-1,3456
698,39	-1,3468
698,49	-1,3479
698,59	-1,3496
698,69	-1,3518
698,79	-1,3529
698,89	-1,3540
698,99	-1,3553
699,09	-1,3567
699,19	-1,3578
699,29	-1,3589
699,39	-1,3600
699,49	-1,3611
699,59	-1,3621
699,69	-1,3631
699,79	-1,3647
699,89	-1,3660
699,99	-1,3671
700,08	-1,3681
700,18	-1,3693
700,29	-1,3711
700,38	-1,3722
700,48	-1,3733
700,58	-1,3744
700,68	-1,3757
700,78	-1,3767
700,88	-1,3779
700,98	-1,3790
701,08	-1,3802
701,18	-1,3814
701,28	-1,3827
701,38	-1,3840
701,48	-1,3856
701,58	-1,3873
701,68	-1,3886
701,78	-1,3899
701,88	-1,3915
701,98	-1,3928
702,08	-1,3940
702,18	-1,3953
702,28	-1,3966
702,38	-1,3982
702,48	-1,3997
702,58	-1,4010
702,68	-1,4024
702,78	-1,4037
702,88	-1,4052
702,98	-1,4073
703,08	-1,4090
703,18	-1,4105
703,28	-1,4121
703,38	-1,4134
703,48	-1,4149
703,58	-1,4166
703,68	-1,4182
703,78	-1,4198
703,88	-1,4213
703,98	-1,4234
704,08	-1,4250
704,18	-1,4266
704,28	-1,4288
704,38	-1,4306
704,48	-1,4340
704,58	-1,4365
704,68	-1,4388
704,78	-1,4428
704,88	-1,4454
704,98	-1,4483
705,08	-1,4501
705,18	-1,4520
705,28	-1,4558
705,38	-1,4592
705,48	-1,4609
705,58	-1,4636
705,68	-1,4664
705,77	-1,4688
705,87	-1,4744
705,97	-1,4777
706,07	-1,4798
706,17	-1,4836